-6.94,	 1,	 0
-6.92,	 2,	 0
-6.89,	 2,	 0
-6.88,	 2,	 0
-6.87,	 2,	 0
-6.86,	 2,	 0
-6.85,	 1,	 0
-6.83,	 1,	 0
-6.82,	 3,	 0
-6.80,	 2,	 0
-6.79,	 3,	 0
-6.78,	 4,	 0
-6.77,	 10,	 0
-6.76,	 6,	 0
-6.75,	 2,	 0
-6.74,	 6,	 0
-6.73,	 10,	 0
-6.72,	 8,	 0
-6.71,	 8,	 0
-6.70,	 8,	 0
-6.69,	 7,	 0
-6.68,	 14,	 0
-6.67,	 8,	 0
-6.66,	 10,	 0
-6.65,	 12,	 0
-6.64,	 18,	 0
-6.63,	 24,	 0
-6.62,	 11,	 0
-6.61,	 15,	 0
-6.60,	 13,	 0
-6.59,	 22,	 0
-6.58,	 17,	 0
-6.57,	 23,	 0
-6.56,	 24,	 0
-6.55,	 24,	 0
-6.54,	 33,	 0
-6.53,	 26,	 0
-6.52,	 34,	 0
-6.51,	 32,	 0
-6.50,	 36,	 0
-6.49,	 45,	 0
-6.48,	 30,	 0
-6.47,	 45,	 0
-6.46,	 44,	 0
-6.45,	 37,	 0
-6.44,	 50,	 0
-6.43,	 50,	 0
-6.42,	 48,	 0
-6.41,	 53,	 0
-6.40,	 46,	 0
-6.39,	 58,	 0
-6.38,	 62,	 0
-6.37,	 61,	 0
-6.36,	 71,	 0
-6.35,	 58,	 0
-6.34,	 70,	 0
-6.33,	 82,	 0
-6.32,	 64,	 0
-6.31,	 78,	 0
-6.30,	 77,	 0
-6.29,	 70,	 0
-6.28,	 68,	 1
-6.27,	 103,	 1
-6.26,	 88,	 1
-6.25,	 78,	 2
-6.24,	 89,	 5
-6.23,	 117,	 0
-6.22,	 97,	 10
-6.21,	 101,	 7
-6.20,	 113,	 7
-6.19,	 109,	 9
-6.18,	 108,	 8
-6.17,	 127,	 11
-6.16,	 135,	 17
-6.15,	 146,	 22
-6.14,	 147,	 20
-6.13,	 163,	 17
-6.12,	 157,	 29
-6.11,	 161,	 26
-6.10,	 188,	 33
-6.09,	 166,	 35
-6.08,	 184,	 38
-6.07,	 167,	 40
-6.06,	 182,	 36
-6.05,	 189,	 45
-6.04,	 187,	 60
-6.03,	 212,	 61
-6.02,	 204,	 50
-6.01,	 216,	 67
-6.00,	 213,	 78
-5.99,	 212,	 89
-5.98,	 243,	 92
-5.97,	 252,	 84
-5.96,	 255,	 90
-5.95,	 233,	 90
-5.94,	 276,	 124
-5.93,	 241,	 123
-5.92,	 281,	 118
-5.91,	 253,	 145
-5.90,	 265,	 126
-5.89,	 314,	 125
-5.88,	 306,	 165
-5.87,	 309,	 175
-5.86,	 326,	 148
-5.85,	 325,	 163
-5.84,	 341,	 165
-5.83,	 321,	 180
-5.82,	 290,	 194
-5.81,	 380,	 213
-5.80,	 355,	 216
-5.79,	 339,	 244
-5.78,	 356,	 225
-5.77,	 376,	 265
-5.76,	 381,	 238
-5.75,	 405,	 260
-5.74,	 398,	 247
-5.73,	 388,	 280
-5.72,	 400,	 291
-5.71,	 481,	 287
-5.70,	 440,	 303
-5.69,	 453,	 315
-5.68,	 457,	 365
-5.67,	 438,	 315
-5.66,	 475,	 370
-5.65,	 529,	 343
-5.64,	 497,	 407
-5.63,	 487,	 364
-5.62,	 521,	 412
-5.61,	 553,	 401
-5.60,	 611,	 424
-5.59,	 543,	 408
-5.58,	 612,	 471
-5.57,	 646,	 479
-5.56,	 589,	 498
-5.55,	 646,	 479
-5.54,	 656,	 513
-5.53,	 670,	 501
-5.52,	 628,	 543
-5.51,	 653,	 530
-5.50,	 703,	 587
-5.49,	 724,	 638
-5.48,	 715,	 642
-5.47,	 732,	 647
-5.46,	 704,	 642
-5.45,	 739,	 686
-5.44,	 804,	 661
-5.43,	 828,	 719
-5.42,	 793,	 690
-5.41,	 893,	 724
-5.40,	 888,	 733
-5.39,	 859,	 744
-5.38,	 913,	 769
-5.37,	 902,	 806
-5.36,	 897,	 778
-5.35,	 931,	 809
-5.34,	 946,	 831
-5.33,	 987,	 872
-5.32,	 980,	 931
-5.31,	 1002,	 963
-5.30,	 1077,	 986
-5.29,	 1021,	 1013
-5.28,	 1069,	 994
-5.27,	 1087,	 1056
-5.26,	 1112,	 1082
-5.25,	 1110,	 1105
-5.24,	 1144,	 1090
-5.23,	 1126,	 1099
-5.22,	 1129,	 1148
-5.21,	 1212,	 1191
-5.20,	 1223,	 1198
-5.19,	 1239,	 1280
-5.18,	 1233,	 1254
-5.17,	 1335,	 1301
-5.16,	 1266,	 1253
-5.15,	 1332,	 1359
-5.14,	 1287,	 1382
-5.13,	 1362,	 1423
-5.12,	 1404,	 1469
-5.11,	 1389,	 1441
-5.10,	 1452,	 1536
-5.09,	 1446,	 1598
-5.08,	 1495,	 1597
-5.07,	 1499,	 1566
-5.06,	 1532,	 1652
-5.05,	 1579,	 1676
-5.04,	 1665,	 1765
-5.03,	 1608,	 1808
-5.02,	 1696,	 1859
-5.01,	 1699,	 1759
-5.00,	 1813,	 1948
-4.99,	 1753,	 1942
-4.98,	 1718,	 1995
-4.97,	 1774,	 2011
-4.96,	 1862,	 2078
-4.95,	 1936,	 2128
-4.94,	 1850,	 2212
-4.93,	 1962,	 2137
-4.92,	 2087,	 2202
-4.91,	 2054,	 2239
-4.90,	 1980,	 2194
-4.89,	 2159,	 2404
-4.88,	 2181,	 2358
-4.87,	 2094,	 2430
-4.86,	 2145,	 2430
-4.85,	 2319,	 2567
-4.84,	 2220,	 2637
-4.83,	 2277,	 2629
-4.82,	 2414,	 2805
-4.81,	 2312,	 2740
-4.80,	 2330,	 2842
-4.79,	 2427,	 2829
-4.78,	 2478,	 2835
-4.77,	 2513,	 2909
-4.76,	 2574,	 2962
-4.75,	 2681,	 2941
-4.74,	 2634,	 3080
-4.73,	 2791,	 3175
-4.72,	 2737,	 3276
-4.71,	 2753,	 3280
-4.70,	 2863,	 3417
-4.69,	 2954,	 3367
-4.68,	 3032,	 3397
-4.67,	 3084,	 3471
-4.66,	 3110,	 3550
-4.65,	 3005,	 3711
-4.64,	 3174,	 3689
-4.63,	 3269,	 3774
-4.62,	 3204,	 3704
-4.61,	 3283,	 3866
-4.60,	 3502,	 3891
-4.59,	 3441,	 3869
-4.58,	 3467,	 4008
-4.57,	 3420,	 4091
-4.56,	 3528,	 4263
-4.55,	 3700,	 4214
-4.54,	 3597,	 4400
-4.53,	 3795,	 4329
-4.52,	 3750,	 4285
-4.51,	 3920,	 4448
-4.50,	 3886,	 4611
-4.49,	 3963,	 4758
-4.48,	 4102,	 4682
-4.47,	 4138,	 4834
-4.46,	 4052,	 4778
-4.45,	 4260,	 4995
-4.44,	 4342,	 5081
-4.43,	 4291,	 4991
-4.42,	 4342,	 5231
-4.41,	 4309,	 5141
-4.40,	 4525,	 5287
-4.39,	 4554,	 5389
-4.38,	 4738,	 5374
-4.37,	 4767,	 5428
-4.36,	 4738,	 5404
-4.35,	 4804,	 5589
-4.34,	 4923,	 5656
-4.33,	 4953,	 5841
-4.32,	 5117,	 5871
-4.31,	 5061,	 6027
-4.30,	 5233,	 5888
-4.29,	 5188,	 6068
-4.28,	 5248,	 6183
-4.27,	 5419,	 6369
-4.26,	 5542,	 6275
-4.25,	 5513,	 6294
-4.24,	 5664,	 6434
-4.23,	 5644,	 6675
-4.22,	 5802,	 6647
-4.21,	 5914,	 6864
-4.20,	 6087,	 6692
-4.19,	 6116,	 6917
-4.18,	 6162,	 6806
-4.17,	 6109,	 7025
-4.16,	 6140,	 7048
-4.15,	 6480,	 7210
-4.14,	 6353,	 7110
-4.13,	 6432,	 7327
-4.12,	 6692,	 7324
-4.11,	 6721,	 7458
-4.10,	 6728,	 7642
-4.09,	 6949,	 7464
-4.08,	 6778,	 7681
-4.07,	 6955,	 7886
-4.06,	 6982,	 7869
-4.05,	 7270,	 8074
-4.04,	 7317,	 8173
-4.03,	 7320,	 8081
-4.02,	 7379,	 8252
-4.01,	 7513,	 8296
-4.00,	 7699,	 8320
-3.99,	 7619,	 8487
-3.98,	 7695,	 8567
-3.97,	 7889,	 8717
-3.96,	 7975,	 8792
-3.95,	 8205,	 8847
-3.94,	 8224,	 8966
-3.93,	 8295,	 8859
-3.92,	 8503,	 9177
-3.91,	 8385,	 9329
-3.90,	 8619,	 9265
-3.89,	 8527,	 9508
-3.88,	 8775,	 9650
-3.87,	 8844,	 9577
-3.86,	 9007,	 9791
-3.85,	 8943,	 9824
-3.84,	 9146,	 9908
-3.83,	 9343,	 10013
-3.82,	 9306,	 10107
-3.81,	 9516,	 10210
-3.80,	 9595,	 10381
-3.79,	 9843,	 10223
-3.78,	 9787,	 10507
-3.77,	 9867,	 10614
-3.76,	 10013,	 10702
-3.75,	 10004,	 10758
-3.74,	 10321,	 10936
-3.73,	 10258,	 10944
-3.72,	 10516,	 11045
-3.71,	 10597,	 11216
-3.70,	 10735,	 11454
-3.69,	 10904,	 11452
-3.68,	 10914,	 11544
-3.67,	 10960,	 11543
-3.66,	 11075,	 11857
-3.65,	 11400,	 11981
-3.64,	 11449,	 11882
-3.63,	 11524,	 11960
-3.62,	 11699,	 12079
-3.61,	 11655,	 12350
-3.60,	 12023,	 12277
-3.59,	 11919,	 12512
-3.58,	 12143,	 12510
-3.57,	 12277,	 12736
-3.56,	 12457,	 12784
-3.55,	 12313,	 12793
-3.54,	 12638,	 12778
-3.53,	 12754,	 13181
-3.52,	 12886,	 13213
-3.51,	 12924,	 13302
-3.50,	 13207,	 13505
-3.49,	 13161,	 13579
-3.48,	 13567,	 13582
-3.47,	 13502,	 13911
-3.46,	 13745,	 14153
-3.45,	 13923,	 13977
-3.44,	 13901,	 14235
-3.43,	 13950,	 14325
-3.42,	 14008,	 14322
-3.41,	 14357,	 14318
-3.40,	 14450,	 14631
-3.39,	 14561,	 14531
-3.38,	 14683,	 14676
-3.37,	 14894,	 14967
-3.36,	 14783,	 15118
-3.35,	 15334,	 15244
-3.34,	 15189,	 15465
-3.33,	 15564,	 15558
-3.32,	 15616,	 15676
-3.31,	 15917,	 15559
-3.30,	 16012,	 15702
-3.29,	 15966,	 16051
-3.28,	 16379,	 16323
-3.27,	 16327,	 16126
-3.26,	 16694,	 16484
-3.25,	 16515,	 16433
-3.24,	 16799,	 16637
-3.23,	 16871,	 16316
-3.22,	 16977,	 16816
-3.21,	 17407,	 16926
-3.20,	 17278,	 17043
-3.19,	 17655,	 17093
-3.18,	 17491,	 17388
-3.17,	 17745,	 17476
-3.16,	 17956,	 17691
-3.15,	 18394,	 17516
-3.14,	 18433,	 17959
-3.13,	 18548,	 18364
-3.12,	 18667,	 18232
-3.11,	 19063,	 18391
-3.10,	 19071,	 18409
-3.09,	 19215,	 18809
-3.08,	 19297,	 18699
-3.07,	 19597,	 18726
-3.06,	 19574,	 18816
-3.05,	 19957,	 19111
-3.04,	 20294,	 19355
-3.03,	 20336,	 19336
-3.02,	 20171,	 19724
-3.01,	 20741,	 19664
-3.00,	 20920,	 19955
-2.99,	 21120,	 20192
-2.98,	 21017,	 20045
-2.97,	 21129,	 20075
-2.96,	 21713,	 20404
-2.95,	 21764,	 20267
-2.94,	 22078,	 20654
-2.93,	 21996,	 20676
-2.92,	 22570,	 20976
-2.91,	 22272,	 20974
-2.90,	 22544,	 21175
-2.89,	 22586,	 21485
-2.88,	 23031,	 21559
-2.87,	 23299,	 21550
-2.86,	 23299,	 21793
-2.85,	 23805,	 21887
-2.84,	 23492,	 21928
-2.83,	 24011,	 22392
-2.82,	 24152,	 22340
-2.81,	 24213,	 22507
-2.80,	 24654,	 22660
-2.79,	 24939,	 22980
-2.78,	 24908,	 23169
-2.77,	 25054,	 23525
-2.76,	 25401,	 23300
-2.75,	 25467,	 23828
-2.74,	 26076,	 23592
-2.73,	 25887,	 23801
-2.72,	 26113,	 23806
-2.71,	 26313,	 24058
-2.70,	 26742,	 24270
-2.69,	 26723,	 24289
-2.68,	 26770,	 24538
-2.67,	 27201,	 24940
-2.66,	 27188,	 25154
-2.65,	 27744,	 25308
-2.64,	 27445,	 25416
-2.63,	 27977,	 25438
-2.62,	 28072,	 25771
-2.61,	 28307,	 26067
-2.60,	 28443,	 25862
-2.59,	 28751,	 26012
-2.58,	 28918,	 26420
-2.57,	 29271,	 26249
-2.56,	 29464,	 26826
-2.55,	 29773,	 27215
-2.54,	 30120,	 27243
-2.53,	 30011,	 27139
-2.52,	 30095,	 27577
-2.51,	 30542,	 27723
-2.50,	 31003,	 27824
-2.49,	 30939,	 27899
-2.48,	 30551,	 28019
-2.47,	 31582,	 28476
-2.46,	 31681,	 28588
-2.45,	 31482,	 28951
-2.44,	 31546,	 29008
-2.43,	 31932,	 28996
-2.42,	 32683,	 29062
-2.41,	 32267,	 29465
-2.40,	 32803,	 29668
-2.39,	 33108,	 29557
-2.38,	 33381,	 29892
-2.37,	 33544,	 29800
-2.36,	 33719,	 30565
-2.35,	 34080,	 30354
-2.34,	 34117,	 30696
-2.33,	 34323,	 30655
-2.32,	 34338,	 30955
-2.31,	 34783,	 31125
-2.30,	 34757,	 31483
-2.29,	 35019,	 31447
-2.28,	 35417,	 31876
-2.27,	 35670,	 32134
-2.26,	 35866,	 32759
-2.25,	 36100,	 32801
-2.24,	 36012,	 32641
-2.23,	 36289,	 32663
-2.22,	 36746,	 33404
-2.21,	 36831,	 33401
-2.20,	 36852,	 34004
-2.19,	 37390,	 34010
-2.18,	 37505,	 34050
-2.17,	 37463,	 34348
-2.16,	 37599,	 34396
-2.15,	 37840,	 34553
-2.14,	 38183,	 35187
-2.13,	 38535,	 34956
-2.12,	 38913,	 34864
-2.11,	 39210,	 35658
-2.10,	 39066,	 36051
-2.09,	 39443,	 36194
-2.08,	 39190,	 36145
-2.07,	 40063,	 36942
-2.06,	 39624,	 36538
-2.05,	 40251,	 37152
-2.04,	 40371,	 37300
-2.03,	 40423,	 37065
-2.02,	 41031,	 37753
-2.01,	 41024,	 37882
-2.00,	 41320,	 38566
-1.99,	 41685,	 38540
-1.98,	 41876,	 38558
-1.97,	 42229,	 38729
-1.96,	 42159,	 39338
-1.95,	 42057,	 39687
-1.94,	 42398,	 39800
-1.93,	 42909,	 39596
-1.92,	 42632,	 40094
-1.91,	 43311,	 40392
-1.90,	 43462,	 40547
-1.89,	 43666,	 40492
-1.88,	 43992,	 41042
-1.87,	 44293,	 41188
-1.86,	 44479,	 41442
-1.85,	 44540,	 41420
-1.84,	 44452,	 42387
-1.83,	 45188,	 42516
-1.82,	 44839,	 42394
-1.81,	 45535,	 43270
-1.80,	 45470,	 43016
-1.79,	 45779,	 43574
-1.78,	 45837,	 43923
-1.77,	 45970,	 44579
-1.76,	 46670,	 44450
-1.75,	 46880,	 44322
-1.74,	 46709,	 44931
-1.73,	 47325,	 45152
-1.72,	 47785,	 45635
-1.71,	 47173,	 45927
-1.70,	 47978,	 46000
-1.69,	 48336,	 46245
-1.68,	 47748,	 46670
-1.67,	 48678,	 47012
-1.66,	 48430,	 47395
-1.65,	 48806,	 47720
-1.64,	 48690,	 48053
-1.63,	 49199,	 48058
-1.62,	 49090,	 48343
-1.61,	 49537,	 49007
-1.60,	 50014,	 49448
-1.59,	 50184,	 49861
-1.58,	 50294,	 50050
-1.57,	 50667,	 50123
-1.56,	 50688,	 50656
-1.55,	 50968,	 51442
-1.54,	 51057,	 51708
-1.53,	 51126,	 52028
-1.52,	 51904,	 52596
-1.51,	 51253,	 52917
-1.50,	 51660,	 53349
-1.49,	 51809,	 54006
-1.48,	 52174,	 54250
-1.47,	 52471,	 54660
-1.46,	 53059,	 54972
-1.45,	 52977,	 55525
-1.44,	 53303,	 55865
-1.43,	 53438,	 56088
-1.42,	 53207,	 56765
-1.41,	 53624,	 57152
-1.40,	 53945,	 57592
-1.39,	 53805,	 57965
-1.38,	 54338,	 57940
-1.37,	 54792,	 58331
-1.36,	 54740,	 59263
-1.35,	 54985,	 59633
-1.34,	 55663,	 59995
-1.33,	 55095,	 60327
-1.32,	 55644,	 60363
-1.31,	 55894,	 60922
-1.30,	 55908,	 61238
-1.29,	 56150,	 61857
-1.28,	 56227,	 61721
-1.27,	 56376,	 62011
-1.26,	 56789,	 62343
-1.25,	 57126,	 63067
-1.24,	 56573,	 62987
-1.23,	 57525,	 63415
-1.22,	 57606,	 63447
-1.21,	 58113,	 64071
-1.20,	 58238,	 64091
-1.19,	 58012,	 64691
-1.18,	 58106,	 64902
-1.17,	 58153,	 64819
-1.16,	 58337,	 64973
-1.15,	 58424,	 65365
-1.14,	 58570,	 65103
-1.13,	 58982,	 66093
-1.12,	 59744,	 66213
-1.11,	 59578,	 66816
-1.10,	 59928,	 66852
-1.09,	 59411,	 66340
-1.08,	 60216,	 66961
-1.07,	 59993,	 67343
-1.06,	 60394,	 67309
-1.05,	 60194,	 67261
-1.04,	 60488,	 67324
-1.03,	 61085,	 67918
-1.02,	 61141,	 67789
-1.01,	 61158,	 68127
-1.00,	 61386,	 68668
-0.99,	 61734,	 68901
-0.98,	 61780,	 68815
-0.97,	 61626,	 68533
-0.96,	 62070,	 68536
-0.95,	 61850,	 68709
-0.94,	 62463,	 69178
-0.93,	 62421,	 68890
-0.92,	 62894,	 68940
-0.91,	 62849,	 69187
-0.90,	 62922,	 69313
-0.89,	 62752,	 69446
-0.88,	 63046,	 69489
-0.87,	 63546,	 69438
-0.86,	 63610,	 69437
-0.85,	 63738,	 69516
-0.84,	 64017,	 69568
-0.83,	 64364,	 69866
-0.82,	 63884,	 70360
-0.81,	 64375,	 69711
-0.80,	 64286,	 69616
-0.79,	 64352,	 70136
-0.78,	 64087,	 70294
-0.77,	 64745,	 70215
-0.76,	 64725,	 70425
-0.75,	 65005,	 69957
-0.74,	 65077,	 69669
-0.73,	 64869,	 70348
-0.72,	 65255,	 70300
-0.71,	 65396,	 70505
-0.70,	 65776,	 70922
-0.69,	 65159,	 70726
-0.68,	 65736,	 70237
-0.67,	 66358,	 70564
-0.66,	 66045,	 70317
-0.65,	 66263,	 70443
-0.64,	 66329,	 70671
-0.63,	 66687,	 70166
-0.62,	 66438,	 70886
-0.61,	 66916,	 70445
-0.60,	 66239,	 70502
-0.59,	 66396,	 70451
-0.58,	 67062,	 70773
-0.57,	 67054,	 70586
-0.56,	 67421,	 70581
-0.55,	 66933,	 70609
-0.54,	 66740,	 70397
-0.53,	 67001,	 70432
-0.52,	 67263,	 70606
-0.51,	 67672,	 70447
-0.50,	 67326,	 70103
-0.49,	 67509,	 70584
-0.48,	 67387,	 70890
-0.47,	 67743,	 70315
-0.46,	 67733,	 70362
-0.45,	 67946,	 70167
-0.44,	 68064,	 70133
-0.43,	 68033,	 70147
-0.42,	 68195,	 70842
-0.41,	 67741,	 70326
-0.40,	 68206,	 70245
-0.39,	 68443,	 69853
-0.38,	 68209,	 70116
-0.37,	 68477,	 70010
-0.36,	 68318,	 70176
-0.35,	 68761,	 69739
-0.34,	 68349,	 69989
-0.33,	 68478,	 69974
-0.32,	 68564,	 70204
-0.31,	 68538,	 69770
-0.30,	 69010,	 69981
-0.29,	 69169,	 69931
-0.28,	 68965,	 69810
-0.27,	 68690,	 69992
-0.26,	 69047,	 69823
-0.25,	 69266,	 69841
-0.24,	 68949,	 69844
-0.23,	 69187,	 69475
-0.22,	 68770,	 68994
-0.21,	 68683,	 69553
-0.20,	 68958,	 69622
-0.19,	 69185,	 69529
-0.18,	 69091,	 69213
-0.17,	 69169,	 69436
-0.16,	 68650,	 68949
-0.15,	 68759,	 69324
-0.14,	 69846,	 69084
-0.13,	 69416,	 68638
-0.12,	 69270,	 69182
-0.11,	 69133,	 68780
-0.10,	 69598,	 68642
-0.09,	 69692,	 68715
-0.08,	 69339,	 68757
-0.07,	 69623,	 68524
-0.06,	 69082,	 69090
-0.05,	 69135,	 68577
-0.04,	 69587,	 68476
-0.03,	 69090,	 68532
-0.02,	 68917,	 67932
-0.01,	 69720,	 68508
0.00,	 68887,	 68313
0.01,	 68875,	 68233
0.02,	 70249,	 68144
0.03,	 69769,	 68167
0.04,	 69318,	 67968
0.05,	 69426,	 67976
0.06,	 69492,	 67831
0.07,	 69323,	 67490
0.08,	 69128,	 67837
0.09,	 69562,	 67633
0.10,	 68987,	 67159
0.11,	 69524,	 67064
0.12,	 69408,	 67080
0.13,	 69687,	 67445
0.14,	 69439,	 67342
0.15,	 68938,	 67409
0.16,	 69281,	 66793
0.17,	 69243,	 66529
0.18,	 69842,	 66569
0.19,	 69016,	 67052
0.20,	 69076,	 66661
0.21,	 69185,	 66896
0.22,	 68681,	 66088
0.23,	 68933,	 66451
0.24,	 69007,	 66365
0.25,	 69140,	 66245
0.26,	 69546,	 66207
0.27,	 68952,	 66144
0.28,	 68855,	 66114
0.29,	 68789,	 65766
0.30,	 68854,	 66060
0.31,	 69021,	 65861
0.32,	 68622,	 65821
0.33,	 68653,	 65365
0.34,	 68549,	 64960
0.35,	 68980,	 65031
0.36,	 68442,	 65198
0.37,	 68373,	 64594
0.38,	 68270,	 64445
0.39,	 68528,	 64807
0.40,	 67895,	 64488
0.41,	 68233,	 64653
0.42,	 67917,	 64326
0.43,	 68214,	 64339
0.44,	 68110,	 63897
0.45,	 67504,	 64192
0.46,	 67678,	 64166
0.47,	 67839,	 64054
0.48,	 67151,	 63875
0.49,	 67601,	 63830
0.50,	 67088,	 63553
0.51,	 67144,	 63626
0.52,	 67231,	 63572
0.53,	 67397,	 62950
0.54,	 67789,	 63241
0.55,	 67012,	 63159
0.56,	 67005,	 63091
0.57,	 66723,	 63412
0.58,	 67251,	 62744
0.59,	 66868,	 62776
0.60,	 66740,	 62365
0.61,	 66535,	 62557
0.62,	 66611,	 62734
0.63,	 66006,	 62393
0.64,	 66134,	 62069
0.65,	 65874,	 61987
0.66,	 65746,	 62031
0.67,	 65729,	 62108
0.68,	 65587,	 61993
0.69,	 65510,	 62087
0.70,	 66078,	 61227
0.71,	 65243,	 61576
0.72,	 65714,	 61218
0.73,	 65634,	 61435
0.74,	 65320,	 60854
0.75,	 64825,	 60943
0.76,	 64532,	 61120
0.77,	 64285,	 60597
0.78,	 64739,	 60971
0.79,	 64279,	 60280
0.80,	 64103,	 60120
0.81,	 64235,	 59412
0.82,	 64380,	 59662
0.83,	 63812,	 59932
0.84,	 64060,	 59312
0.85,	 63886,	 59567
0.86,	 63079,	 59236
0.87,	 63321,	 59371
0.88,	 63297,	 59280
0.89,	 62862,	 59027
0.90,	 63113,	 59087
0.91,	 62406,	 58810
0.92,	 62502,	 58334
0.93,	 62535,	 58488
0.94,	 62167,	 58389
0.95,	 62598,	 58030
0.96,	 62558,	 58053
0.97,	 61755,	 57778
0.98,	 61928,	 58056
0.99,	 61564,	 57631
1.00,	 61468,	 57090
1.01,	 61406,	 57924
1.02,	 60813,	 56947
1.03,	 60772,	 57491
1.04,	 60650,	 56985
1.05,	 60105,	 56471
1.06,	 60138,	 57127
1.07,	 60260,	 56868
1.08,	 59856,	 56891
1.09,	 59598,	 56355
1.10,	 59590,	 56675
1.11,	 59551,	 56023
1.12,	 58973,	 56190
1.13,	 59322,	 56152
1.14,	 58968,	 55654
1.15,	 59096,	 55717
1.16,	 58642,	 55399
1.17,	 58174,	 55542
1.18,	 58182,	 55145
1.19,	 58013,	 55397
1.20,	 57606,	 54880
1.21,	 57602,	 54862
1.22,	 57504,	 54567
1.23,	 57402,	 54779
1.24,	 56999,	 54475
1.25,	 56871,	 54231
1.26,	 56849,	 54398
1.27,	 56557,	 53881
1.28,	 55849,	 53799
1.29,	 56181,	 53783
1.30,	 56092,	 54059
1.31,	 55947,	 53429
1.32,	 55972,	 53114
1.33,	 54989,	 52848
1.34,	 54807,	 53109
1.35,	 55150,	 52764
1.36,	 54618,	 53187
1.37,	 54521,	 52684
1.38,	 53926,	 52523
1.39,	 54093,	 51954
1.40,	 53801,	 52189
1.41,	 53848,	 52116
1.42,	 53471,	 51716
1.43,	 53488,	 51370
1.44,	 52832,	 51525
1.45,	 52654,	 51140
1.46,	 52554,	 51472
1.47,	 52441,	 51011
1.48,	 52295,	 50815
1.49,	 52294,	 50764
1.50,	 51773,	 50925
1.51,	 51610,	 50211
1.52,	 51766,	 50164
1.53,	 51214,	 50114
1.54,	 51052,	 49667
1.55,	 50640,	 49844
1.56,	 50650,	 49471
1.57,	 50540,	 49830
1.58,	 50986,	 49389
1.59,	 50094,	 49558
1.60,	 49843,	 49238
1.61,	 49311,	 49411
1.62,	 49468,	 48896
1.63,	 48695,	 48671
1.64,	 49081,	 48419
1.65,	 49038,	 48002
1.66,	 48735,	 48190
1.67,	 48300,	 47468
1.68,	 48043,	 47598
1.69,	 48113,	 47751
1.70,	 47886,	 47716
1.71,	 47294,	 47213
1.72,	 47497,	 46969
1.73,	 47018,	 46755
1.74,	 46367,	 46953
1.75,	 46828,	 46761
1.76,	 46606,	 46325
1.77,	 46512,	 46117
1.78,	 46168,	 46297
1.79,	 45570,	 46121
1.80,	 45723,	 45868
1.81,	 45199,	 45226
1.82,	 45026,	 45745
1.83,	 45246,	 45796
1.84,	 44733,	 45620
1.85,	 44680,	 45094
1.86,	 44119,	 45309
1.87,	 44193,	 44678
1.88,	 44039,	 44767
1.89,	 43716,	 44107
1.90,	 43709,	 44379
1.91,	 42990,	 44329
1.92,	 43195,	 43961
1.93,	 42907,	 43378
1.94,	 42749,	 43426
1.95,	 42368,	 43351
1.96,	 42111,	 43142
1.97,	 41739,	 42882
1.98,	 41659,	 42507
1.99,	 41552,	 42318
2.00,	 41036,	 42630
2.01,	 41277,	 42399
2.02,	 40924,	 42318
2.03,	 40870,	 41998
2.04,	 40249,	 41772
2.05,	 39962,	 41740
2.06,	 40227,	 41697
2.07,	 39807,	 40945
2.08,	 39464,	 40717
2.09,	 39361,	 40801
2.10,	 39099,	 40672
2.11,	 38931,	 40476
2.12,	 38396,	 40045
2.13,	 38376,	 40385
2.14,	 38152,	 39908
2.15,	 37835,	 39820
2.16,	 37741,	 39749
2.17,	 37762,	 39617
2.18,	 37575,	 39601
2.19,	 37175,	 39501
2.20,	 37159,	 38761
2.21,	 36734,	 38630
2.22,	 36512,	 38678
2.23,	 36331,	 38271
2.24,	 36379,	 38637
2.25,	 35607,	 37513
2.26,	 36096,	 37597
2.27,	 35157,	 37468
2.28,	 35262,	 37382
2.29,	 34934,	 37381
2.30,	 34912,	 37065
2.31,	 35011,	 37157
2.32,	 34454,	 36628
2.33,	 33880,	 36459
2.34,	 33926,	 36249
2.35,	 34042,	 36209
2.36,	 33666,	 36219
2.37,	 32964,	 35437
2.38,	 33188,	 35674
2.39,	 33019,	 35885
2.40,	 32601,	 34938
2.41,	 32364,	 34858
2.42,	 32199,	 34505
2.43,	 32177,	 34269
2.44,	 31858,	 34398
2.45,	 31690,	 34475
2.46,	 31328,	 33874
2.47,	 31121,	 33288
2.48,	 30791,	 33551
2.49,	 30577,	 33542
2.50,	 30610,	 33204
2.51,	 30620,	 32844
2.52,	 30266,	 33271
2.53,	 29953,	 32790
2.54,	 29344,	 32498
2.55,	 29565,	 31970
2.56,	 29482,	 32280
2.57,	 29275,	 31621
2.58,	 29293,	 31589
2.59,	 28852,	 31557
2.60,	 28748,	 31293
2.61,	 28301,	 31097
2.62,	 28054,	 30881
2.63,	 28017,	 30576
2.64,	 27686,	 30582
2.65,	 27257,	 30271
2.66,	 27050,	 29867
2.67,	 27019,	 30016
2.68,	 26788,	 29468
2.69,	 26814,	 29573
2.70,	 26771,	 29185
2.71,	 26310,	 29230
2.72,	 26244,	 28953
2.73,	 25860,	 28877
2.74,	 25702,	 28504
2.75,	 25497,	 28183
2.76,	 25468,	 27834
2.77,	 25308,	 27743
2.78,	 24926,	 27554
2.79,	 24870,	 27397
2.80,	 24570,	 27111
2.81,	 24301,	 27003
2.82,	 24383,	 26844
2.83,	 24208,	 26320
2.84,	 23758,	 26276
2.85,	 23699,	 26274
2.86,	 23601,	 25819
2.87,	 23065,	 25585
2.88,	 22760,	 25499
2.89,	 22794,	 25560
2.90,	 22467,	 25045
2.91,	 22353,	 24791
2.92,	 22319,	 24265
2.93,	 22326,	 24204
2.94,	 22058,	 24360
2.95,	 21907,	 24162
2.96,	 21445,	 23679
2.97,	 21363,	 23361
2.98,	 21243,	 23342
2.99,	 20946,	 23263
3.00,	 20891,	 23060
3.01,	 20718,	 22725
3.02,	 20261,	 22551
3.03,	 20271,	 22362
3.04,	 20082,	 21993
3.05,	 20266,	 22023
3.06,	 19881,	 21405
3.07,	 19716,	 21048
3.08,	 19413,	 21085
3.09,	 19164,	 20812
3.10,	 19236,	 20838
3.11,	 18962,	 20472
3.12,	 18774,	 20292
3.13,	 18569,	 19873
3.14,	 18317,	 19695
3.15,	 18318,	 19416
3.16,	 17995,	 19670
3.17,	 18151,	 19446
3.18,	 17626,	 19200
3.19,	 17687,	 18773
3.20,	 17297,	 18805
3.21,	 17308,	 18449
3.22,	 17082,	 18168
3.23,	 17112,	 17995
3.24,	 16828,	 17624
3.25,	 16577,	 17600
3.26,	 16477,	 17450
3.27,	 16382,	 17303
3.28,	 16264,	 17097
3.29,	 16039,	 16875
3.30,	 15994,	 16848
3.31,	 15686,	 16200
3.32,	 15572,	 16295
3.33,	 15400,	 16117
3.34,	 15336,	 16085
3.35,	 15053,	 15768
3.36,	 15114,	 15621
3.37,	 14983,	 15411
3.38,	 14806,	 15294
3.39,	 14862,	 15110
3.40,	 14402,	 15087
3.41,	 14555,	 14818
3.42,	 13891,	 14581
3.43,	 14125,	 14341
3.44,	 13832,	 14099
3.45,	 13929,	 14024
3.46,	 13963,	 13892
3.47,	 13565,	 13649
3.48,	 13300,	 13550
3.49,	 13362,	 13423
3.50,	 13075,	 13060
3.51,	 12953,	 12809
3.52,	 12817,	 12883
3.53,	 12496,	 12897
3.54,	 12667,	 12609
3.55,	 12569,	 12313
3.56,	 12621,	 11953
3.57,	 12148,	 11966
3.58,	 11962,	 11856
3.59,	 11905,	 11457
3.60,	 11795,	 11625
3.61,	 11584,	 11174
3.62,	 11743,	 11138
3.63,	 11664,	 10828
3.64,	 11414,	 10987
3.65,	 11244,	 10770
3.66,	 11153,	 10473
3.67,	 11071,	 10524
3.68,	 11066,	 10275
3.69,	 10802,	 10176
3.70,	 10504,	 10015
3.71,	 10639,	 9854
3.72,	 10517,	 9784
3.73,	 10334,	 9602
3.74,	 10219,	 9628
3.75,	 10100,	 9280
3.76,	 10129,	 9251
3.77,	 9753,	 9012
3.78,	 9644,	 8837
3.79,	 9754,	 8728
3.80,	 9659,	 8640
3.81,	 9405,	 8473
3.82,	 9370,	 8218
3.83,	 9355,	 8219
3.84,	 9089,	 8060
3.85,	 9019,	 7913
3.86,	 9044,	 7863
3.87,	 8867,	 7679
3.88,	 8698,	 7633
3.89,	 8677,	 7329
3.90,	 8533,	 7550
3.91,	 8459,	 7155
3.92,	 8391,	 7066
3.93,	 8324,	 7080
3.94,	 8329,	 6937
3.95,	 8193,	 6763
3.96,	 7945,	 6562
3.97,	 7867,	 6492
3.98,	 7686,	 6402
3.99,	 7755,	 6263
4.00,	 7567,	 6297
4.01,	 7479,	 6297
4.02,	 7470,	 5994
4.03,	 7495,	 5972
4.04,	 7441,	 5797
4.05,	 7153,	 5935
4.06,	 7120,	 5644
4.07,	 6995,	 5586
4.08,	 6925,	 5439
4.09,	 6800,	 5417
4.10,	 6751,	 5301
4.11,	 6596,	 5195
4.12,	 6646,	 5018
4.13,	 6450,	 5180
4.14,	 6498,	 5011
4.15,	 6369,	 5035
4.16,	 6149,	 4869
4.17,	 6133,	 4857
4.18,	 6079,	 4844
4.19,	 5969,	 4755
4.20,	 5804,	 4526
4.21,	 5794,	 4580
4.22,	 5803,	 4406
4.23,	 5603,	 4530
4.24,	 5578,	 4482
4.25,	 5514,	 4348
4.26,	 5453,	 4245
4.27,	 5587,	 4088
4.28,	 5361,	 4025
4.29,	 5215,	 4165
4.30,	 5074,	 4105
4.31,	 5197,	 3937
4.32,	 4943,	 4019
4.33,	 5021,	 3941
4.34,	 4881,	 3731
4.35,	 4912,	 3814
4.36,	 4845,	 3809
4.37,	 4552,	 3802
4.38,	 4640,	 3707
4.39,	 4556,	 3688
4.40,	 4554,	 3553
4.41,	 4422,	 3615
4.42,	 4371,	 3562
4.43,	 4327,	 3474
4.44,	 4229,	 3440
4.45,	 4209,	 3316
4.46,	 4186,	 3316
4.47,	 4073,	 3290
4.48,	 3958,	 3365
4.49,	 3999,	 3333
4.50,	 3947,	 3116
4.51,	 3865,	 3247
4.52,	 3798,	 3092
4.53,	 3648,	 3113
4.54,	 3785,	 3077
4.55,	 3591,	 3055
4.56,	 3600,	 3040
4.57,	 3507,	 2911
4.58,	 3502,	 2851
4.59,	 3478,	 2892
4.60,	 3376,	 2878
4.61,	 3196,	 2743
4.62,	 3160,	 2810
4.63,	 3204,	 2680
4.64,	 3097,	 2736
4.65,	 3058,	 2641
4.66,	 3134,	 2637
4.67,	 3049,	 2563
4.68,	 2874,	 2532
4.69,	 2936,	 2558
4.70,	 2837,	 2589
4.71,	 2865,	 2492
4.72,	 2751,	 2470
4.73,	 2850,	 2448
4.74,	 2706,	 2335
4.75,	 2645,	 2386
4.76,	 2480,	 2283
4.77,	 2518,	 2214
4.78,	 2455,	 2308
4.79,	 2439,	 2243
4.80,	 2533,	 2244
4.81,	 2419,	 2268
4.82,	 2371,	 2267
4.83,	 2273,	 2013
4.84,	 2362,	 2128
4.85,	 2176,	 2011
4.86,	 2204,	 2082
4.87,	 2153,	 1998
4.88,	 2067,	 2039
4.89,	 2064,	 1999
4.90,	 2047,	 1880
4.91,	 2116,	 1993
4.92,	 1956,	 1993
4.93,	 1963,	 1911
4.94,	 1940,	 1818
4.95,	 1882,	 1832
4.96,	 1926,	 1836
4.97,	 1845,	 1833
4.98,	 1815,	 1845
4.99,	 1817,	 1701
5.00,	 1818,	 1651
5.01,	 1643,	 1682
5.02,	 1739,	 1696
5.03,	 1644,	 1635
5.04,	 1640,	 1592
5.05,	 1604,	 1639
5.06,	 1516,	 1607
5.07,	 1538,	 1633
5.08,	 1475,	 1544
5.09,	 1471,	 1487
5.10,	 1468,	 1483
5.11,	 1497,	 1499
5.12,	 1365,	 1477
5.13,	 1427,	 1416
5.14,	 1339,	 1383
5.15,	 1331,	 1366
5.16,	 1299,	 1418
5.17,	 1293,	 1427
5.18,	 1290,	 1316
5.19,	 1248,	 1310
5.20,	 1266,	 1354
5.21,	 1195,	 1322
5.22,	 1153,	 1320
5.23,	 1123,	 1299
5.24,	 1153,	 1203
5.25,	 1179,	 1196
5.26,	 1119,	 1164
5.27,	 1102,	 1195
5.28,	 1059,	 1148
5.29,	 1035,	 1170
5.30,	 1043,	 1137
5.31,	 1073,	 1114
5.32,	 947,	 1092
5.33,	 940,	 1082
5.34,	 948,	 1081
5.35,	 921,	 1029
5.36,	 931,	 1054
5.37,	 886,	 1022
5.38,	 853,	 946
5.39,	 879,	 991
5.40,	 875,	 942
5.41,	 808,	 928
5.42,	 765,	 929
5.43,	 782,	 933
5.44,	 758,	 961
5.45,	 793,	 873
5.46,	 737,	 894
5.47,	 772,	 846
5.48,	 681,	 915
5.49,	 703,	 874
5.50,	 699,	 877
5.51,	 701,	 856
5.52,	 649,	 797
5.53,	 635,	 785
5.54,	 636,	 740
5.55,	 652,	 745
5.56,	 633,	 759
5.57,	 570,	 725
5.58,	 598,	 732
5.59,	 518,	 709
5.60,	 539,	 705
5.61,	 544,	 712
5.62,	 545,	 654
5.63,	 528,	 664
5.64,	 537,	 649
5.65,	 526,	 707
5.66,	 465,	 606
5.67,	 473,	 646
5.68,	 499,	 602
5.69,	 449,	 582
5.70,	 420,	 592
5.71,	 423,	 578
5.72,	 429,	 529
5.73,	 424,	 556
5.74,	 413,	 570
5.75,	 427,	 544
5.76,	 355,	 530
5.77,	 389,	 482
5.78,	 388,	 518
5.79,	 392,	 485
5.80,	 376,	 476
5.81,	 359,	 507
5.82,	 355,	 460
5.83,	 335,	 465
5.84,	 323,	 397
5.85,	 319,	 445
5.86,	 300,	 428
5.87,	 289,	 402
5.88,	 278,	 403
5.89,	 293,	 417
5.90,	 286,	 401
5.91,	 258,	 360
5.92,	 266,	 360
5.93,	 259,	 386
5.94,	 236,	 362
5.95,	 274,	 392
5.96,	 229,	 355
5.97,	 219,	 317
5.98,	 234,	 341
5.99,	 217,	 330
6.00,	 210,	 303
6.01,	 201,	 301
6.02,	 200,	 275
6.03,	 231,	 297
6.04,	 178,	 295
6.05,	 181,	 277
6.06,	 198,	 294
6.07,	 180,	 252
6.08,	 172,	 273
6.09,	 156,	 270
6.10,	 163,	 243
6.11,	 182,	 233
6.12,	 136,	 230
6.13,	 141,	 228
6.14,	 138,	 238
6.15,	 138,	 214
6.16,	 135,	 236
6.17,	 138,	 222
6.18,	 111,	 191
6.19,	 121,	 210
6.20,	 126,	 196
6.21,	 109,	 183
6.22,	 98,	 203
6.23,	 121,	 205
6.24,	 96,	 183
6.25,	 81,	 149
6.26,	 95,	 166
6.27,	 89,	 160
6.28,	 82,	 149
6.29,	 84,	 172
6.30,	 97,	 145
6.31,	 85,	 134
6.32,	 71,	 136
6.33,	 66,	 131
6.34,	 78,	 148
6.35,	 58,	 133
6.36,	 48,	 122
6.37,	 66,	 117
6.38,	 50,	 98
6.39,	 64,	 130
6.40,	 50,	 98
6.41,	 56,	 97
6.42,	 46,	 96
6.43,	 48,	 80
6.44,	 53,	 108
6.45,	 44,	 88
6.46,	 42,	 89
6.47,	 31,	 86
6.48,	 40,	 78
6.49,	 43,	 67
6.50,	 37,	 77
6.51,	 36,	 57
6.52,	 43,	 64
6.53,	 21,	 59
6.54,	 36,	 53
6.55,	 22,	 56
6.56,	 29,	 47
6.57,	 17,	 37
6.58,	 28,	 43
6.59,	 22,	 46
6.60,	 21,	 45
6.61,	 11,	 37
6.62,	 24,	 49
6.63,	 12,	 33
6.64,	 11,	 38
6.65,	 16,	 33
6.66,	 10,	 38
6.67,	 11,	 31
6.68,	 11,	 27
6.69,	 9,	 26
6.70,	 6,	 24
6.71,	 5,	 21
6.72,	 5,	 22
6.73,	 3,	 20
6.74,	 3,	 19
6.75,	 5,	 22
6.76,	 3,	 17
6.77,	 3,	 21
6.78,	 6,	 16
6.79,	 5,	 15
6.80,	 1,	 9
6.81,	 1,	 11
6.82,	 6,	 5
6.83,	 2,	 14
6.84,	 0,	 4
6.85,	 0,	 7
6.86,	 2,	 2
6.87,	 0,	 7
6.88,	 1,	 5
6.89,	 0,	 2
6.90,	 0,	 3
6.91,	 0,	 1
6.92,	 1,	 1
6.93,	 0,	 1
6.94,	 0,	 2
6.95,	 1,	 0
