-4.00, 	 9, 	 314, 	 30
-3.99, 	 90, 	 1190, 	 183
-3.98, 	 181, 	 1690, 	 240
-3.97, 	 264, 	 2138, 	 296
-3.96, 	 322, 	 2443, 	 367
-3.95, 	 450, 	 2730, 	 387
-3.94, 	 516, 	 2919, 	 467
-3.93, 	 603, 	 3289, 	 472
-3.92, 	 643, 	 3439, 	 492
-3.91, 	 741, 	 3702, 	 548
-3.90, 	 872, 	 3909, 	 617
-3.89, 	 1031, 	 4118, 	 921
-3.88, 	 1023, 	 4143, 	 1136
-3.87, 	 1129, 	 4363, 	 1227
-3.86, 	 1246, 	 4654, 	 1375
-3.85, 	 1337, 	 4793, 	 1515
-3.84, 	 1407, 	 4975, 	 1588
-3.83, 	 1505, 	 5071, 	 1625
-3.82, 	 1613, 	 5181, 	 1788
-3.81, 	 1708, 	 5383, 	 1799
-3.80, 	 1786, 	 5666, 	 1947
-3.79, 	 1893, 	 5619, 	 2016
-3.78, 	 1970, 	 5898, 	 2132
-3.77, 	 2130, 	 5923, 	 2146
-3.76, 	 2183, 	 6198, 	 2258
-3.75, 	 2179, 	 6448, 	 2239
-3.74, 	 2474, 	 6474, 	 2421
-3.73, 	 2489, 	 6799, 	 2530
-3.72, 	 2485, 	 6783, 	 2473
-3.71, 	 2678, 	 6762, 	 2618
-3.70, 	 2723, 	 6909, 	 2633
-3.69, 	 2849, 	 7133, 	 2661
-3.68, 	 2945, 	 7228, 	 2797
-3.67, 	 3095, 	 7368, 	 2871
-3.66, 	 3172, 	 7467, 	 2914
-3.65, 	 3193, 	 7659, 	 2960
-3.64, 	 3333, 	 7569, 	 3028
-3.63, 	 3436, 	 7812, 	 3087
-3.62, 	 3500, 	 8025, 	 3108
-3.61, 	 3670, 	 7981, 	 3337
-3.60, 	 3810, 	 8317, 	 3552
-3.59, 	 3849, 	 8306, 	 3806
-3.58, 	 3988, 	 8430, 	 4034
-3.57, 	 4148, 	 8653, 	 4212
-3.56, 	 4202, 	 8707, 	 4344
-3.55, 	 4236, 	 8640, 	 4439
-3.54, 	 4340, 	 8993, 	 4594
-3.53, 	 4518, 	 9002, 	 4712
-3.52, 	 4613, 	 9155, 	 4741
-3.51, 	 4634, 	 9192, 	 5062
-3.50, 	 4906, 	 9371, 	 5058
-3.49, 	 5115, 	 9175, 	 5197
-3.48, 	 4969, 	 9590, 	 5255
-3.47, 	 5241, 	 9650, 	 5448
-3.46, 	 5171, 	 9584, 	 5593
-3.45, 	 5426, 	 9967, 	 5805
-3.44, 	 5509, 	 10226, 	 5873
-3.43, 	 5561, 	 10114, 	 5909
-3.42, 	 5685, 	 10292, 	 5953
-3.41, 	 5974, 	 10380, 	 5896
-3.40, 	 6124, 	 10376, 	 6064
-3.39, 	 6191, 	 10800, 	 6191
-3.38, 	 6196, 	 10473, 	 6331
-3.37, 	 6286, 	 10810, 	 6297
-3.36, 	 6538, 	 10865, 	 6649
-3.35, 	 6565, 	 11089, 	 6780
-3.34, 	 6850, 	 11077, 	 6577
-3.33, 	 6671, 	 11340, 	 6893
-3.32, 	 7030, 	 11449, 	 6976
-3.31, 	 7134, 	 11494, 	 6930
-3.30, 	 7168, 	 11534, 	 7126
-3.29, 	 7362, 	 11919, 	 7176
-3.28, 	 7522, 	 11805, 	 7186
-3.27, 	 7566, 	 11849, 	 7277
-3.26, 	 7734, 	 12112, 	 7502
-3.25, 	 7879, 	 12161, 	 7517
-3.24, 	 8105, 	 12026, 	 7848
-3.23, 	 8209, 	 12431, 	 7770
-3.22, 	 8156, 	 12479, 	 7879
-3.21, 	 8387, 	 12511, 	 8090
-3.20, 	 8548, 	 12608, 	 8110
-3.19, 	 8507, 	 12725, 	 8015
-3.18, 	 8820, 	 12926, 	 8168
-3.17, 	 8851, 	 12860, 	 8284
-3.16, 	 9228, 	 13026, 	 8536
-3.15, 	 9209, 	 13086, 	 8925
-3.14, 	 9357, 	 13294, 	 9235
-3.13, 	 9254, 	 13568, 	 9455
-3.12, 	 9593, 	 13438, 	 9525
-3.11, 	 9803, 	 13653, 	 9790
-3.10, 	 9702, 	 13796, 	 10102
-3.09, 	 10018, 	 13663, 	 10174
-3.08, 	 10173, 	 13875, 	 10536
-3.07, 	 10476, 	 14061, 	 10728
-3.06, 	 10497, 	 14248, 	 10633
-3.05, 	 10561, 	 14281, 	 10806
-3.04, 	 10757, 	 14429, 	 11229
-3.03, 	 10896, 	 14524, 	 11274
-3.02, 	 11085, 	 14675, 	 11355
-3.01, 	 11140, 	 14516, 	 11472
-3.00, 	 11338, 	 14902, 	 11660
-2.99, 	 11488, 	 15154, 	 12030
-2.98, 	 11747, 	 14865, 	 12048
-2.97, 	 11871, 	 15170, 	 12169
-2.96, 	 12094, 	 15126, 	 12382
-2.95, 	 12184, 	 15329, 	 12352
-2.94, 	 12195, 	 15416, 	 12716
-2.93, 	 12591, 	 15768, 	 12648
-2.92, 	 12562, 	 15635, 	 13008
-2.91, 	 12870, 	 15841, 	 13031
-2.90, 	 12834, 	 16010, 	 13159
-2.89, 	 13107, 	 15935, 	 13257
-2.88, 	 13377, 	 16113, 	 13379
-2.87, 	 13479, 	 16291, 	 13662
-2.86, 	 13454, 	 16288, 	 13838
-2.85, 	 13661, 	 16367, 	 13797
-2.84, 	 13782, 	 16659, 	 13958
-2.83, 	 13965, 	 16557, 	 14247
-2.82, 	 14183, 	 16858, 	 14312
-2.81, 	 14444, 	 16968, 	 14394
-2.80, 	 14649, 	 17020, 	 14352
-2.79, 	 14714, 	 17207, 	 14741
-2.78, 	 15072, 	 17125, 	 15128
-2.77, 	 15000, 	 17379, 	 14991
-2.76, 	 15255, 	 17427, 	 15128
-2.75, 	 15278, 	 17753, 	 15598
-2.74, 	 15732, 	 17744, 	 15611
-2.73, 	 15930, 	 17944, 	 15557
-2.72, 	 16198, 	 17947, 	 15831
-2.71, 	 16234, 	 18230, 	 15962
-2.70, 	 16556, 	 18194, 	 16018
-2.69, 	 16773, 	 18336, 	 16346
-2.68, 	 16786, 	 18216, 	 16630
-2.67, 	 16912, 	 18648, 	 16864
-2.66, 	 17429, 	 18623, 	 16860
-2.65, 	 17671, 	 18766, 	 16795
-2.64, 	 17727, 	 18791, 	 17131
-2.63, 	 17770, 	 18892, 	 17348
-2.62, 	 18269, 	 19489, 	 17304
-2.61, 	 18389, 	 19075, 	 17315
-2.60, 	 18589, 	 19458, 	 18058
-2.59, 	 18760, 	 19672, 	 18452
-2.58, 	 18793, 	 19614, 	 18651
-2.57, 	 19112, 	 19979, 	 19016
-2.56, 	 19482, 	 19861, 	 19493
-2.55, 	 19936, 	 20089, 	 19657
-2.54, 	 19771, 	 20026, 	 20081
-2.53, 	 19852, 	 20363, 	 20038
-2.52, 	 20250, 	 20195, 	 20510
-2.51, 	 20484, 	 20534, 	 21037
-2.50, 	 20682, 	 20547, 	 20938
-2.49, 	 20761, 	 20669, 	 21562
-2.48, 	 20907, 	 20911, 	 21566
-2.47, 	 21841, 	 20903, 	 21905
-2.46, 	 21707, 	 21007, 	 21845
-2.45, 	 21899, 	 21347, 	 22457
-2.44, 	 22024, 	 21560, 	 22617
-2.43, 	 22425, 	 21556, 	 22982
-2.42, 	 22493, 	 21660, 	 23111
-2.41, 	 23054, 	 21643, 	 23254
-2.40, 	 23250, 	 21971, 	 23924
-2.39, 	 23374, 	 22389, 	 23479
-2.38, 	 23807, 	 22207, 	 23931
-2.37, 	 23697, 	 22248, 	 24085
-2.36, 	 24156, 	 22427, 	 24462
-2.35, 	 24572, 	 22724, 	 24588
-2.34, 	 25021, 	 22661, 	 25149
-2.33, 	 24948, 	 23024, 	 25367
-2.32, 	 25380, 	 23058, 	 25721
-2.31, 	 25587, 	 23032, 	 25998
-2.30, 	 25981, 	 23178, 	 26196
-2.29, 	 26136, 	 23347, 	 26492
-2.28, 	 26356, 	 23517, 	 26780
-2.27, 	 26852, 	 23771, 	 27004
-2.26, 	 26953, 	 23702, 	 27198
-2.25, 	 27219, 	 23842, 	 27539
-2.24, 	 27734, 	 24005, 	 27795
-2.23, 	 28180, 	 24214, 	 28238
-2.22, 	 28472, 	 24465, 	 28010
-2.21, 	 28935, 	 24441, 	 28755
-2.20, 	 29200, 	 24694, 	 28787
-2.19, 	 29395, 	 24586, 	 28859
-2.18, 	 29883, 	 24809, 	 29307
-2.17, 	 30177, 	 24998, 	 29524
-2.16, 	 30247, 	 25290, 	 29851
-2.15, 	 30595, 	 25362, 	 30109
-2.14, 	 31324, 	 25280, 	 30743
-2.13, 	 31717, 	 25376, 	 30723
-2.12, 	 32080, 	 25800, 	 31335
-2.11, 	 32481, 	 25932, 	 31740
-2.10, 	 32728, 	 25829, 	 32076
-2.09, 	 33391, 	 26616, 	 33087
-2.08, 	 33811, 	 26500, 	 33614
-2.07, 	 34161, 	 26575, 	 34617
-2.06, 	 34176, 	 26506, 	 34785
-2.05, 	 34851, 	 26614, 	 35398
-2.04, 	 35701, 	 26853, 	 35931
-2.03, 	 36027, 	 27263, 	 36420
-2.02, 	 37037, 	 27394, 	 36897
-2.01, 	 37248, 	 27383, 	 37546
-2.00, 	 38165, 	 27842, 	 38312
-1.99, 	 39067, 	 27678, 	 38723
-1.98, 	 39457, 	 27533, 	 39540
-1.97, 	 40019, 	 28207, 	 40437
-1.96, 	 40930, 	 28460, 	 41331
-1.95, 	 40863, 	 28648, 	 41974
-1.94, 	 41416, 	 28858, 	 42656
-1.93, 	 42401, 	 28809, 	 43006
-1.92, 	 42625, 	 29008, 	 43221
-1.91, 	 43005, 	 28781, 	 43198
-1.90, 	 43497, 	 29531, 	 43811
-1.89, 	 43773, 	 29285, 	 44068
-1.88, 	 44598, 	 29674, 	 44171
-1.87, 	 45132, 	 29522, 	 44635
-1.86, 	 45366, 	 30057, 	 44878
-1.85, 	 46230, 	 29963, 	 45000
-1.84, 	 45987, 	 30331, 	 45661
-1.83, 	 46855, 	 30368, 	 46244
-1.82, 	 46999, 	 30696, 	 46130
-1.81, 	 47320, 	 30691, 	 46865
-1.80, 	 47633, 	 30932, 	 47244
-1.79, 	 48069, 	 31115, 	 47581
-1.78, 	 48405, 	 31317, 	 47895
-1.77, 	 48732, 	 31737, 	 48989
-1.76, 	 49009, 	 32006, 	 48894
-1.75, 	 49362, 	 31929, 	 49120
-1.74, 	 49570, 	 32153, 	 49638
-1.73, 	 49742, 	 32581, 	 50275
-1.72, 	 50528, 	 32543, 	 50492
-1.71, 	 50647, 	 32625, 	 51181
-1.70, 	 51438, 	 32831, 	 51671
-1.69, 	 51723, 	 33358, 	 52028
-1.68, 	 51960, 	 33188, 	 52374
-1.67, 	 52319, 	 33280, 	 52651
-1.66, 	 52475, 	 33661, 	 52490
-1.65, 	 52797, 	 34014, 	 53084
-1.64, 	 53046, 	 34012, 	 53588
-1.63, 	 53797, 	 34529, 	 53474
-1.62, 	 53562, 	 34432, 	 53859
-1.61, 	 54406, 	 34417, 	 54560
-1.60, 	 54341, 	 35134, 	 54978
-1.59, 	 54956, 	 35473, 	 55107
-1.58, 	 55202, 	 35454, 	 55795
-1.57, 	 55358, 	 35535, 	 55832
-1.56, 	 55467, 	 36105, 	 55863
-1.55, 	 56071, 	 36089, 	 56582
-1.54, 	 56633, 	 36308, 	 56179
-1.53, 	 56680, 	 36337, 	 56717
-1.52, 	 56809, 	 36547, 	 57118
-1.51, 	 56937, 	 36735, 	 57399
-1.50, 	 57726, 	 37169, 	 57175
-1.49, 	 57863, 	 37463, 	 57719
-1.48, 	 58273, 	 37765, 	 57761
-1.47, 	 58592, 	 37970, 	 58607
-1.46, 	 58650, 	 37893, 	 58906
-1.45, 	 59231, 	 38062, 	 58691
-1.44, 	 59623, 	 38256, 	 59467
-1.43, 	 59747, 	 38750, 	 59548
-1.42, 	 59942, 	 38648, 	 59085
-1.41, 	 59967, 	 39416, 	 60468
-1.40, 	 60544, 	 39424, 	 60815
-1.39, 	 61112, 	 39636, 	 61282
-1.38, 	 60974, 	 39725, 	 61232
-1.37, 	 61329, 	 40057, 	 61634
-1.36, 	 61687, 	 40770, 	 61435
-1.35, 	 62272, 	 41231, 	 61974
-1.34, 	 62837, 	 40746, 	 62076
-1.33, 	 62879, 	 41251, 	 62352
-1.32, 	 62680, 	 41321, 	 62634
-1.31, 	 63105, 	 41888, 	 62763
-1.30, 	 63133, 	 41805, 	 62958
-1.29, 	 63781, 	 42216, 	 63330
-1.28, 	 63707, 	 42668, 	 63728
-1.27, 	 64273, 	 43123, 	 64290
-1.26, 	 64710, 	 43099, 	 64345
-1.25, 	 64602, 	 43563, 	 65266
-1.24, 	 65428, 	 43709, 	 65741
-1.23, 	 65365, 	 44001, 	 65853
-1.22, 	 65463, 	 44300, 	 65684
-1.21, 	 65982, 	 44813, 	 66209
-1.20, 	 65839, 	 44763, 	 65714
-1.19, 	 66594, 	 45340, 	 66388
-1.18, 	 66217, 	 45468, 	 67143
-1.17, 	 66799, 	 45739, 	 66614
-1.16, 	 67651, 	 46119, 	 66978
-1.15, 	 67311, 	 46398, 	 67240
-1.14, 	 67548, 	 46707, 	 67572
-1.13, 	 68161, 	 47239, 	 67828
-1.12, 	 67949, 	 47665, 	 68175
-1.11, 	 68563, 	 47529, 	 68524
-1.10, 	 68863, 	 48073, 	 68428
-1.09, 	 69244, 	 48212, 	 68622
-1.08, 	 69150, 	 48745, 	 69360
-1.07, 	 69692, 	 48889, 	 69874
-1.06, 	 69898, 	 49372, 	 69710
-1.05, 	 70222, 	 49778, 	 69990
-1.04, 	 70313, 	 50501, 	 70854
-1.03, 	 70563, 	 50587, 	 70901
-1.02, 	 70609, 	 50628, 	 71454
-1.01, 	 71105, 	 50774, 	 71541
-1.00, 	 70923, 	 51726, 	 71428
-0.99, 	 71477, 	 52101, 	 71810
-0.98, 	 72031, 	 51852, 	 72244
-0.97, 	 71908, 	 52594, 	 71812
-0.96, 	 72251, 	 53201, 	 72073
-0.95, 	 73077, 	 53570, 	 72529
-0.94, 	 73530, 	 53596, 	 72706
-0.93, 	 73225, 	 54147, 	 72924
-0.92, 	 73799, 	 55209, 	 73630
-0.91, 	 73250, 	 54553, 	 73540
-0.90, 	 73869, 	 55474, 	 73950
-0.89, 	 74361, 	 56312, 	 74250
-0.88, 	 74675, 	 56798, 	 74968
-0.87, 	 74870, 	 56909, 	 74862
-0.86, 	 74917, 	 57603, 	 75330
-0.85, 	 75155, 	 57632, 	 76106
-0.84, 	 75546, 	 58291, 	 75413
-0.83, 	 75838, 	 58917, 	 75363
-0.82, 	 75977, 	 59280, 	 76104
-0.81, 	 76230, 	 60055, 	 76462
-0.80, 	 76703, 	 60450, 	 76887
-0.79, 	 76627, 	 60764, 	 76560
-0.78, 	 77024, 	 61538, 	 77230
-0.77, 	 77225, 	 61420, 	 76611
-0.76, 	 77379, 	 62316, 	 76813
-0.75, 	 78006, 	 62523, 	 76954
-0.74, 	 78266, 	 63562, 	 77363
-0.73, 	 78516, 	 64051, 	 77787
-0.72, 	 78789, 	 64006, 	 78049
-0.71, 	 78403, 	 64829, 	 78167
-0.70, 	 79264, 	 65851, 	 79058
-0.69, 	 78724, 	 66317, 	 79501
-0.68, 	 79438, 	 66831, 	 79858
-0.67, 	 79925, 	 67753, 	 80050
-0.66, 	 79916, 	 68532, 	 79943
-0.65, 	 80291, 	 69419, 	 80096
-0.64, 	 80347, 	 70137, 	 80769
-0.63, 	 80325, 	 70635, 	 82075
-0.62, 	 80461, 	 70923, 	 80703
-0.61, 	 81201, 	 71602, 	 81094
-0.60, 	 81907, 	 72345, 	 81143
-0.59, 	 81584, 	 73132, 	 81026
-0.58, 	 81898, 	 73904, 	 81655
-0.57, 	 81966, 	 74220, 	 81800
-0.56, 	 82576, 	 75732, 	 82644
-0.55, 	 82334, 	 75923, 	 82481
-0.54, 	 83818, 	 76659, 	 82761
-0.53, 	 82987, 	 77511, 	 83011
-0.52, 	 83009, 	 78049, 	 83369
-0.51, 	 83590, 	 79405, 	 83721
-0.50, 	 83621, 	 80297, 	 84405
-0.49, 	 84463, 	 81541, 	 84329
-0.48, 	 84663, 	 82002, 	 84349
-0.47, 	 84831, 	 82857, 	 84504
-0.46, 	 85178, 	 83813, 	 85377
-0.45, 	 85193, 	 84854, 	 85315
-0.44, 	 85628, 	 85759, 	 84869
-0.43, 	 85533, 	 87095, 	 85584
-0.42, 	 85871, 	 88031, 	 86356
-0.41, 	 86134, 	 88953, 	 86330
-0.40, 	 86518, 	 90748, 	 85867
-0.39, 	 87203, 	 91020, 	 86638
-0.38, 	 86683, 	 92380, 	 85936
-0.37, 	 87607, 	 94122, 	 87162
-0.36, 	 87287, 	 95592, 	 86897
-0.35, 	 87243, 	 97384, 	 87825
-0.34, 	 87561, 	 98535, 	 87785
-0.33, 	 88564, 	 99439, 	 87861
-0.32, 	 88642, 	 101504, 	 88947
-0.31, 	 88044, 	 102652, 	 88614
-0.30, 	 88598, 	 104785, 	 89055
-0.29, 	 89337, 	 106728, 	 89780
-0.28, 	 89554, 	 108313, 	 89333
-0.27, 	 89775, 	 110723, 	 90305
-0.26, 	 90348, 	 112114, 	 90463
-0.25, 	 89930, 	 114078, 	 89890
-0.24, 	 90109, 	 115729, 	 90326
-0.23, 	 90176, 	 118918, 	 90137
-0.22, 	 91079, 	 120789, 	 90888
-0.21, 	 91568, 	 123314, 	 90782
-0.20, 	 90950, 	 125427, 	 91775
-0.19, 	 91960, 	 128968, 	 91428
-0.18, 	 92139, 	 132175, 	 92633
-0.17, 	 91934, 	 135049, 	 92485
-0.16, 	 92517, 	 138033, 	 92726
-0.15, 	 92613, 	 142609, 	 93169
-0.14, 	 93065, 	 146132, 	 93212
-0.13, 	 92354, 	 150616, 	 93687
-0.12, 	 93435, 	 155082, 	 93862
-0.11, 	 93554, 	 161293, 	 93917
-0.10, 	 94315, 	 167402, 	 93512
-0.09, 	 94065, 	 173064, 	 93925
-0.08, 	 94364, 	 181007, 	 94118
-0.07, 	 94680, 	 189572, 	 94020
-0.06, 	 95321, 	 199674, 	 94762
-0.05, 	 95172, 	 212707, 	 94301
-0.04, 	 95666, 	 228269, 	 95003
-0.03, 	 95743, 	 250184, 	 94965
-0.02, 	 96000, 	 282265, 	 94903
-0.01, 	 96177, 	 344159, 	 95606
0.00, 	 96376, 	 302333, 	 96214
0.01, 	 96325, 	 343720, 	 95471
0.02, 	 95635, 	 282068, 	 95016
0.03, 	 95270, 	 251884, 	 94787
0.04, 	 95268, 	 227848, 	 94847
0.05, 	 95656, 	 212883, 	 94709
0.06, 	 94786, 	 199857, 	 94912
0.07, 	 94101, 	 190145, 	 94319
0.08, 	 94402, 	 180924, 	 94251
0.09, 	 94143, 	 173489, 	 93938
0.10, 	 93719, 	 166814, 	 94295
0.11, 	 93997, 	 161081, 	 93649
0.12, 	 93395, 	 155897, 	 93760
0.13, 	 92581, 	 151085, 	 93677
0.14, 	 92617, 	 146806, 	 93722
0.15, 	 92815, 	 142344, 	 92961
0.16, 	 91835, 	 138705, 	 92923
0.17, 	 92297, 	 134782, 	 92211
0.18, 	 92124, 	 132059, 	 92117
0.19, 	 91628, 	 129087, 	 92081
0.20, 	 91905, 	 126462, 	 92123
0.21, 	 91026, 	 123609, 	 90924
0.22, 	 91865, 	 120928, 	 90926
0.23, 	 90869, 	 118455, 	 90570
0.24, 	 89754, 	 116245, 	 90045
0.25, 	 89965, 	 113901, 	 90440
0.26, 	 89785, 	 111945, 	 89843
0.27, 	 89791, 	 110031, 	 90083
0.28, 	 89814, 	 108396, 	 89969
0.29, 	 88440, 	 106502, 	 89751
0.30, 	 89097, 	 104675, 	 89147
0.31, 	 88627, 	 102771, 	 89113
0.32, 	 88606, 	 101431, 	 88667
0.33, 	 88392, 	 99653, 	 88291
0.34, 	 87771, 	 98546, 	 87773
0.35, 	 88038, 	 97012, 	 87302
0.36, 	 87548, 	 95198, 	 87289
0.37, 	 87102, 	 93914, 	 86478
0.38, 	 86719, 	 92566, 	 86684
0.39, 	 86942, 	 91568, 	 86423
0.40, 	 86260, 	 90579, 	 86842
0.41, 	 86271, 	 89184, 	 85439
0.42, 	 85699, 	 88131, 	 85866
0.43, 	 85466, 	 87339, 	 85053
0.44, 	 85616, 	 86414, 	 85394
0.45, 	 85096, 	 85341, 	 84773
0.46, 	 84578, 	 84204, 	 84999
0.47, 	 85010, 	 82953, 	 84710
0.48, 	 84089, 	 81989, 	 84608
0.49, 	 84119, 	 80732, 	 84149
0.50, 	 83659, 	 80433, 	 83830
0.51, 	 83023, 	 79652, 	 83651
0.52, 	 83327, 	 78629, 	 83351
0.53, 	 83697, 	 77505, 	 83012
0.54, 	 83031, 	 77070, 	 82437
0.55, 	 82678, 	 76004, 	 82283
0.56, 	 82664, 	 74866, 	 82570
0.57, 	 82469, 	 74685, 	 81982
0.58, 	 81504, 	 73552, 	 81991
0.59, 	 81709, 	 73203, 	 81891
0.60, 	 81280, 	 72485, 	 81047
0.61, 	 81075, 	 71662, 	 81113
0.62, 	 80919, 	 70816, 	 80446
0.63, 	 81027, 	 69901, 	 80813
0.64, 	 79932, 	 69740, 	 80414
0.65, 	 80196, 	 69206, 	 80206
0.66, 	 79630, 	 67960, 	 80613
0.67, 	 79402, 	 67963, 	 79793
0.68, 	 79661, 	 66716, 	 79377
0.69, 	 79062, 	 66203, 	 79001
0.70, 	 79000, 	 66033, 	 78605
0.71, 	 78671, 	 65301, 	 78941
0.72, 	 78990, 	 64289, 	 78605
0.73, 	 78008, 	 63588, 	 77636
0.74, 	 78474, 	 63411, 	 77853
0.75, 	 78040, 	 62731, 	 76897
0.76, 	 77418, 	 61943, 	 77015
0.77, 	 77083, 	 61754, 	 77022
0.78, 	 77197, 	 61295, 	 77177
0.79, 	 76727, 	 60838, 	 76449
0.80, 	 76667, 	 60484, 	 76247
0.81, 	 75777, 	 59177, 	 76506
0.82, 	 75904, 	 59177, 	 76025
0.83, 	 75318, 	 58635, 	 75667
0.84, 	 75427, 	 58428, 	 75875
0.85, 	 75122, 	 58106, 	 75486
0.86, 	 75372, 	 57434, 	 75002
0.87, 	 74254, 	 56909, 	 75408
0.88, 	 74312, 	 56687, 	 74710
0.89, 	 73933, 	 56381, 	 73925
0.90, 	 73791, 	 55715, 	 74089
0.91, 	 73856, 	 55316, 	 73568
0.92, 	 73397, 	 55052, 	 73538
0.93, 	 73137, 	 54682, 	 72816
0.94, 	 72879, 	 54046, 	 72896
0.95, 	 72887, 	 53502, 	 72326
0.96, 	 72451, 	 53129, 	 72298
0.97, 	 71746, 	 52697, 	 72381
0.98, 	 71627, 	 52445, 	 71646
0.99, 	 71988, 	 51986, 	 71916
1.00, 	 71800, 	 51656, 	 71935
1.01, 	 70830, 	 51478, 	 71066
1.02, 	 70792, 	 50877, 	 70675
1.03, 	 70732, 	 50586, 	 70742
1.04, 	 70220, 	 50095, 	 70525
1.05, 	 70204, 	 49988, 	 70196
1.06, 	 69797, 	 49588, 	 69420
1.07, 	 69724, 	 49141, 	 69440
1.08, 	 68964, 	 48888, 	 69187
1.09, 	 68706, 	 48084, 	 69032
1.10, 	 68989, 	 47790, 	 68466
1.11, 	 67818, 	 47621, 	 68085
1.12, 	 68415, 	 47609, 	 67702
1.13, 	 67826, 	 46949, 	 67903
1.14, 	 67375, 	 46869, 	 67364
1.15, 	 67024, 	 46122, 	 67542
1.16, 	 66785, 	 46523, 	 66835
1.17, 	 66832, 	 45552, 	 67251
1.18, 	 66462, 	 45492, 	 66780
1.19, 	 66629, 	 44801, 	 66467
1.20, 	 66280, 	 45120, 	 66187
1.21, 	 66019, 	 44932, 	 66290
1.22, 	 65268, 	 43985, 	 65508
1.23, 	 65372, 	 43898, 	 65675
1.24, 	 65375, 	 43809, 	 65855
1.25, 	 65041, 	 43453, 	 64618
1.26, 	 64656, 	 43362, 	 64565
1.27, 	 64559, 	 42610, 	 64017
1.28, 	 63990, 	 42556, 	 64007
1.29, 	 63841, 	 42354, 	 63161
1.30, 	 63450, 	 42240, 	 63631
1.31, 	 63369, 	 41741, 	 62760
1.32, 	 62750, 	 41603, 	 62556
1.33, 	 62491, 	 41115, 	 62668
1.34, 	 62331, 	 41014, 	 61955
1.35, 	 61983, 	 40574, 	 62094
1.36, 	 61818, 	 41007, 	 61690
1.37, 	 61643, 	 40252, 	 62046
1.38, 	 61119, 	 39640, 	 61344
1.39, 	 60925, 	 39703, 	 61030
1.40, 	 60289, 	 39401, 	 60517
1.41, 	 60430, 	 39074, 	 60149
1.42, 	 59948, 	 39114, 	 59965
1.43, 	 59386, 	 38903, 	 59961
1.44, 	 59527, 	 38542, 	 59372
1.45, 	 59070, 	 38030, 	 58943
1.46, 	 59588, 	 37894, 	 58842
1.47, 	 58740, 	 37662, 	 58285
1.48, 	 58469, 	 37551, 	 58157
1.49, 	 58082, 	 37355, 	 57501
1.50, 	 57832, 	 37097, 	 57654
1.51, 	 57442, 	 36815, 	 57599
1.52, 	 57094, 	 36633, 	 57103
1.53, 	 56548, 	 36497, 	 56800
1.54, 	 56488, 	 36297, 	 56585
1.55, 	 55762, 	 35923, 	 56376
1.56, 	 55600, 	 35850, 	 56474
1.57, 	 55688, 	 35466, 	 55999
1.58, 	 55153, 	 35448, 	 55697
1.59, 	 54754, 	 35286, 	 55074
1.60, 	 54804, 	 34904, 	 55027
1.61, 	 54122, 	 34428, 	 54328
1.62, 	 54284, 	 34797, 	 53628
1.63, 	 53473, 	 34319, 	 53312
1.64, 	 53528, 	 34551, 	 53089
1.65, 	 52982, 	 33697, 	 52996
1.66, 	 52473, 	 33575, 	 52921
1.67, 	 51685, 	 33568, 	 52651
1.68, 	 52063, 	 33138, 	 52574
1.69, 	 51388, 	 33179, 	 51806
1.70, 	 51230, 	 32722, 	 52128
1.71, 	 50732, 	 32728, 	 51072
1.72, 	 50576, 	 32555, 	 50377
1.73, 	 50140, 	 32442, 	 50460
1.74, 	 50052, 	 31728, 	 49895
1.75, 	 49221, 	 32073, 	 49514
1.76, 	 49276, 	 31769, 	 49455
1.77, 	 48599, 	 31374, 	 48875
1.78, 	 48438, 	 31243, 	 48095
1.79, 	 47987, 	 31569, 	 47791
1.80, 	 47662, 	 31038, 	 47453
1.81, 	 47231, 	 31004, 	 46735
1.82, 	 47140, 	 30604, 	 46746
1.83, 	 46760, 	 30406, 	 46075
1.84, 	 45931, 	 30599, 	 45714
1.85, 	 45492, 	 30165, 	 45267
1.86, 	 45555, 	 29910, 	 44834
1.87, 	 45349, 	 29717, 	 44610
1.88, 	 44326, 	 29771, 	 44342
1.89, 	 44161, 	 29691, 	 43887
1.90, 	 43380, 	 29263, 	 43611
1.91, 	 43237, 	 29154, 	 43412
1.92, 	 42844, 	 28915, 	 43247
1.93, 	 42135, 	 28693, 	 42976
1.94, 	 42035, 	 28495, 	 42306
1.95, 	 41222, 	 28463, 	 42132
1.96, 	 40935, 	 28046, 	 41070
1.97, 	 40022, 	 28163, 	 40752
1.98, 	 39518, 	 27954, 	 39446
1.99, 	 38773, 	 27608, 	 38590
2.00, 	 38348, 	 27351, 	 38320
2.01, 	 37261, 	 27212, 	 37172
2.02, 	 36907, 	 27317, 	 36702
2.03, 	 36145, 	 27133, 	 36339
2.04, 	 35764, 	 26688, 	 36104
2.05, 	 35242, 	 26836, 	 35469
2.06, 	 34446, 	 26626, 	 35019
2.07, 	 34274, 	 26613, 	 34024
2.08, 	 33619, 	 26299, 	 33447
2.09, 	 33247, 	 26499, 	 32712
2.10, 	 32822, 	 25932, 	 32152
2.11, 	 32623, 	 25918, 	 31686
2.12, 	 32200, 	 25843, 	 31559
2.13, 	 31746, 	 25838, 	 31064
2.14, 	 31413, 	 25489, 	 30496
2.15, 	 30539, 	 25275, 	 30290
2.16, 	 30520, 	 24985, 	 29918
2.17, 	 30115, 	 25115, 	 29932
2.18, 	 29719, 	 24704, 	 29247
2.19, 	 29201, 	 24554, 	 28960
2.20, 	 29065, 	 24517, 	 28914
2.21, 	 28943, 	 24136, 	 28204
2.22, 	 28413, 	 24081, 	 28099
2.23, 	 27840, 	 24177, 	 28134
2.24, 	 27721, 	 24069, 	 27691
2.25, 	 27843, 	 23840, 	 27453
2.26, 	 27246, 	 24009, 	 27273
2.27, 	 27025, 	 23721, 	 26793
2.28, 	 26534, 	 23430, 	 26360
2.29, 	 26245, 	 23112, 	 26583
2.30, 	 26191, 	 23152, 	 25932
2.31, 	 25476, 	 22964, 	 26085
2.32, 	 25324, 	 22856, 	 25526
2.33, 	 25284, 	 22830, 	 25383
2.34, 	 24709, 	 22759, 	 25111
2.35, 	 24518, 	 22197, 	 24729
2.36, 	 23863, 	 22560, 	 24462
2.37, 	 23812, 	 22184, 	 24354
2.38, 	 23910, 	 21991, 	 24281
2.39, 	 23411, 	 22067, 	 23826
2.40, 	 23212, 	 21990, 	 23270
2.41, 	 22873, 	 21690, 	 23353
2.42, 	 22640, 	 21554, 	 23136
2.43, 	 22183, 	 21308, 	 22906
2.44, 	 22013, 	 21545, 	 22493
2.45, 	 21808, 	 21313, 	 22327
2.46, 	 21719, 	 21285, 	 22025
2.47, 	 21328, 	 20721, 	 21790
2.48, 	 20848, 	 20828, 	 21335
2.49, 	 20921, 	 20810, 	 21245
2.50, 	 20838, 	 20610, 	 20769
2.51, 	 20249, 	 20343, 	 20831
2.52, 	 20235, 	 20105, 	 20702
2.53, 	 19885, 	 20143, 	 20330
2.54, 	 19727, 	 20090, 	 19877
2.55, 	 19482, 	 19952, 	 19744
2.56, 	 19318, 	 19965, 	 19640
2.57, 	 19094, 	 19800, 	 19204
2.58, 	 18771, 	 19721, 	 18958
2.59, 	 18709, 	 19580, 	 18480
2.60, 	 18621, 	 19506, 	 18107
2.61, 	 18617, 	 19280, 	 17529
2.62, 	 18319, 	 18987, 	 17395
2.63, 	 17917, 	 18798, 	 17372
2.64, 	 17523, 	 18900, 	 16796
2.65, 	 17397, 	 18653, 	 16670
2.66, 	 17297, 	 18482, 	 16807
2.67, 	 17156, 	 18341, 	 16492
2.68, 	 16856, 	 18440, 	 16542
2.69, 	 16635, 	 18369, 	 16259
2.70, 	 16613, 	 18244, 	 16091
2.71, 	 16201, 	 18045, 	 15884
2.72, 	 16362, 	 18154, 	 15791
2.73, 	 16029, 	 17898, 	 15826
2.74, 	 15843, 	 17616, 	 15376
2.75, 	 15466, 	 17728, 	 15294
2.76, 	 15519, 	 17525, 	 15108
2.77, 	 15251, 	 17553, 	 15040
2.78, 	 15022, 	 17230, 	 14675
2.79, 	 15131, 	 17387, 	 14823
2.80, 	 14442, 	 17071, 	 15058
2.81, 	 14345, 	 16881, 	 14494
2.82, 	 14311, 	 16972, 	 14599
2.83, 	 14226, 	 16807, 	 14336
2.84, 	 13842, 	 16628, 	 13881
2.85, 	 13765, 	 16542, 	 14034
2.86, 	 13690, 	 16110, 	 13763
2.87, 	 13306, 	 16308, 	 13659
2.88, 	 13369, 	 16159, 	 13528
2.89, 	 13089, 	 16161, 	 13289
2.90, 	 12973, 	 16062, 	 13187
2.91, 	 12610, 	 15917, 	 13075
2.92, 	 12483, 	 16063, 	 12877
2.93, 	 12229, 	 15483, 	 12708
2.94, 	 12389, 	 15580, 	 12615
2.95, 	 12160, 	 15323, 	 12382
2.96, 	 12069, 	 15108, 	 12522
2.97, 	 11824, 	 15252, 	 12266
2.98, 	 11528, 	 15179, 	 12074
2.99, 	 11511, 	 14935, 	 11894
3.00, 	 11488, 	 14609, 	 11417
3.01, 	 11278, 	 14824, 	 11529
3.02, 	 11129, 	 14642, 	 11314
3.03, 	 10888, 	 14382, 	 11201
3.04, 	 10628, 	 14465, 	 11117
3.05, 	 10440, 	 14481, 	 11096
3.06, 	 10570, 	 14013, 	 10613
3.07, 	 10162, 	 14024, 	 10657
3.08, 	 10255, 	 13788, 	 10383
3.09, 	 10047, 	 13925, 	 10201
3.10, 	 9861, 	 13899, 	 10049
3.11, 	 9513, 	 13549, 	 9847
3.12, 	 9610, 	 13644, 	 9688
3.13, 	 9340, 	 13423, 	 9464
3.14, 	 9485, 	 13269, 	 9216
3.15, 	 9174, 	 13154, 	 8844
3.16, 	 9083, 	 12906, 	 8364
3.17, 	 8924, 	 12867, 	 8530
3.18, 	 8730, 	 12937, 	 8214
3.19, 	 8568, 	 12707, 	 8044
3.20, 	 8604, 	 12680, 	 8047
3.21, 	 8362, 	 12438, 	 7909
3.22, 	 8122, 	 12625, 	 7715
3.23, 	 8144, 	 12317, 	 7788
3.24, 	 7996, 	 12346, 	 7700
3.25, 	 7954, 	 12141, 	 7467
3.26, 	 7718, 	 11938, 	 7403
3.27, 	 7627, 	 12019, 	 7538
3.28, 	 7429, 	 11925, 	 7433
3.29, 	 7272, 	 11799, 	 7271
3.30, 	 7298, 	 11590, 	 7087
3.31, 	 7217, 	 11387, 	 7129
3.32, 	 6785, 	 11377, 	 7127
3.33, 	 6748, 	 11318, 	 6864
3.34, 	 6644, 	 11253, 	 6847
3.35, 	 6616, 	 11021, 	 6653
3.36, 	 6417, 	 10910, 	 6443
3.37, 	 6342, 	 10743, 	 6349
3.38, 	 6238, 	 10628, 	 6317
3.39, 	 6172, 	 10600, 	 6501
3.40, 	 5907, 	 10669, 	 6235
3.41, 	 5992, 	 10434, 	 6043
3.42, 	 5790, 	 10177, 	 5859
3.43, 	 5672, 	 10235, 	 5901
3.44, 	 5503, 	 9949, 	 5806
3.45, 	 5497, 	 9854, 	 5632
3.46, 	 5273, 	 9868, 	 5494
3.47, 	 5248, 	 9455, 	 5288
3.48, 	 5020, 	 9617, 	 5272
3.49, 	 4939, 	 9317, 	 5266
3.50, 	 4790, 	 9210, 	 5090
3.51, 	 4637, 	 9352, 	 4939
3.52, 	 4735, 	 9240, 	 4892
3.53, 	 4505, 	 9006, 	 4667
3.54, 	 4396, 	 9086, 	 4592
3.55, 	 4317, 	 8816, 	 4438
3.56, 	 4135, 	 8630, 	 4285
3.57, 	 4190, 	 8521, 	 4148
3.58, 	 4026, 	 8343, 	 4041
3.59, 	 3839, 	 8486, 	 3779
3.60, 	 3821, 	 8280, 	 3574
3.61, 	 3697, 	 8019, 	 3291
3.62, 	 3609, 	 7994, 	 3114
3.63, 	 3494, 	 7975, 	 3129
3.64, 	 3312, 	 7633, 	 3036
3.65, 	 3245, 	 7640, 	 2971
3.66, 	 3097, 	 7534, 	 2823
3.67, 	 3106, 	 7587, 	 2771
3.68, 	 2987, 	 7193, 	 2856
3.69, 	 2843, 	 7071, 	 2648
3.70, 	 2760, 	 7157, 	 2628
3.71, 	 2653, 	 6797, 	 2584
3.72, 	 2551, 	 6635, 	 2549
3.73, 	 2488, 	 6557, 	 2508
3.74, 	 2285, 	 6290, 	 2337
3.75, 	 2378, 	 6161, 	 2343
3.76, 	 2121, 	 6319, 	 2232
3.77, 	 2087, 	 5889, 	 2176
3.78, 	 2009, 	 5991, 	 2104
3.79, 	 1878, 	 5668, 	 2072
3.80, 	 1744, 	 5505, 	 1863
3.81, 	 1678, 	 5368, 	 1857
3.82, 	 1577, 	 5101, 	 1726
3.83, 	 1531, 	 5126, 	 1653
3.84, 	 1402, 	 4901, 	 1591
3.85, 	 1272, 	 4832, 	 1479
3.86, 	 1216, 	 4634, 	 1319
3.87, 	 1107, 	 4445, 	 1281
3.88, 	 1023, 	 4294, 	 1097
3.89, 	 984, 	 4201, 	 890
3.90, 	 836, 	 3915, 	 611
3.91, 	 731, 	 3654, 	 532
3.92, 	 702, 	 3590, 	 507
3.93, 	 607, 	 3219, 	 450
3.94, 	 528, 	 3001, 	 454
3.95, 	 419, 	 2759, 	 351
3.96, 	 352, 	 2458, 	 329
3.97, 	 259, 	 2164, 	 283
3.98, 	 187, 	 1741, 	 268
3.99, 	 91, 	 1195, 	 157
4.00, 	 12, 	 312, 	 45
