-5.99,	 0,	 1
-5.98,	 0,	 5
-5.97,	 0,	 5
-5.96,	 1,	 9
-5.95,	 0,	 7
-5.94,	 1,	 15
-5.93,	 1,	 18
-5.92,	 3,	 24
-5.91,	 7,	 27
-5.90,	 3,	 24
-5.89,	 9,	 46
-5.88,	 9,	 53
-5.87,	 10,	 49
-5.86,	 19,	 69
-5.85,	 17,	 57
-5.84,	 11,	 60
-5.83,	 12,	 78
-5.82,	 27,	 75
-5.81,	 22,	 75
-5.80,	 26,	 103
-5.79,	 32,	 95
-5.78,	 29,	 99
-5.77,	 38,	 128
-5.76,	 28,	 136
-5.75,	 46,	 151
-5.74,	 50,	 148
-5.73,	 70,	 157
-5.72,	 53,	 178
-5.71,	 50,	 152
-5.70,	 65,	 176
-5.69,	 76,	 193
-5.68,	 79,	 186
-5.67,	 88,	 231
-5.66,	 86,	 217
-5.65,	 99,	 249
-5.64,	 101,	 236
-5.63,	 105,	 272
-5.62,	 110,	 293
-5.61,	 95,	 260
-5.60,	 96,	 291
-5.59,	 123,	 292
-5.58,	 134,	 313
-5.57,	 150,	 308
-5.56,	 162,	 337
-5.55,	 148,	 352
-5.54,	 155,	 358
-5.53,	 185,	 388
-5.52,	 203,	 384
-5.51,	 178,	 381
-5.50,	 174,	 420
-5.49,	 217,	 446
-5.48,	 174,	 431
-5.47,	 233,	 424
-5.46,	 229,	 492
-5.45,	 241,	 455
-5.44,	 224,	 488
-5.43,	 241,	 542
-5.42,	 271,	 552
-5.41,	 272,	 516
-5.40,	 294,	 590
-5.39,	 260,	 568
-5.38,	 305,	 612
-5.37,	 345,	 618
-5.36,	 335,	 622
-5.35,	 326,	 618
-5.34,	 328,	 636
-5.33,	 354,	 616
-5.32,	 396,	 667
-5.31,	 392,	 719
-5.30,	 389,	 765
-5.29,	 375,	 720
-5.28,	 411,	 755
-5.27,	 455,	 784
-5.26,	 448,	 801
-5.25,	 450,	 788
-5.24,	 470,	 845
-5.23,	 524,	 895
-5.22,	 524,	 892
-5.21,	 517,	 872
-5.20,	 526,	 891
-5.19,	 538,	 872
-5.18,	 544,	 923
-5.17,	 568,	 945
-5.16,	 604,	 930
-5.15,	 583,	 961
-5.14,	 675,	 1023
-5.13,	 635,	 1009
-5.12,	 640,	 1018
-5.11,	 681,	 1069
-5.10,	 675,	 1096
-5.09,	 712,	 1084
-5.08,	 772,	 1142
-5.07,	 775,	 1137
-5.06,	 785,	 1187
-5.05,	 790,	 1185
-5.04,	 769,	 1198
-5.03,	 846,	 1232
-5.02,	 878,	 1271
-5.01,	 899,	 1313
-5.00,	 862,	 1313
-4.99,	 860,	 1337
-4.98,	 913,	 1361
-4.97,	 983,	 1402
-4.96,	 970,	 1382
-4.95,	 957,	 1450
-4.94,	 1068,	 1422
-4.93,	 1081,	 1496
-4.92,	 1053,	 1495
-4.91,	 1095,	 1490
-4.90,	 1121,	 1570
-4.89,	 1204,	 1543
-4.88,	 1033,	 1610
-4.87,	 1242,	 1613
-4.86,	 1247,	 1686
-4.85,	 1199,	 1665
-4.84,	 1212,	 1716
-4.83,	 1295,	 1782
-4.82,	 1279,	 1767
-4.81,	 1311,	 1743
-4.80,	 1349,	 1805
-4.79,	 1412,	 1819
-4.78,	 1452,	 1863
-4.77,	 1448,	 1899
-4.76,	 1502,	 1884
-4.75,	 1507,	 1929
-4.74,	 1610,	 1946
-4.73,	 1605,	 1905
-4.72,	 1592,	 1966
-4.71,	 1572,	 2067
-4.70,	 1618,	 2079
-4.69,	 1649,	 2101
-4.68,	 1737,	 2157
-4.67,	 1672,	 2162
-4.66,	 1822,	 2185
-4.65,	 1835,	 2190
-4.64,	 1919,	 2275
-4.63,	 1886,	 2331
-4.62,	 1908,	 2282
-4.61,	 1858,	 2439
-4.60,	 2086,	 2418
-4.59,	 2026,	 2381
-4.58,	 2091,	 2499
-4.57,	 2065,	 2494
-4.56,	 2163,	 2530
-4.55,	 2237,	 2501
-4.54,	 2179,	 2581
-4.53,	 2269,	 2624
-4.52,	 2279,	 2726
-4.51,	 2287,	 2709
-4.50,	 2429,	 2679
-4.49,	 2396,	 2732
-4.48,	 2480,	 2826
-4.47,	 2505,	 2859
-4.46,	 2567,	 2904
-4.45,	 2739,	 2941
-4.44,	 2670,	 3100
-4.43,	 2722,	 3028
-4.42,	 2717,	 2968
-4.41,	 2750,	 2980
-4.40,	 2852,	 3143
-4.39,	 2921,	 3145
-4.38,	 2902,	 3199
-4.37,	 3012,	 3224
-4.36,	 3009,	 3292
-4.35,	 3078,	 3213
-4.34,	 3103,	 3437
-4.33,	 3217,	 3442
-4.32,	 3218,	 3406
-4.31,	 3278,	 3481
-4.30,	 3170,	 3490
-4.29,	 3398,	 3547
-4.28,	 3373,	 3545
-4.27,	 3433,	 3656
-4.26,	 3625,	 3760
-4.25,	 3622,	 3676
-4.24,	 3693,	 3708
-4.23,	 3801,	 3808
-4.22,	 3777,	 3772
-4.21,	 3897,	 3969
-4.20,	 3937,	 3972
-4.19,	 3910,	 4003
-4.18,	 4092,	 3986
-4.17,	 4018,	 4200
-4.16,	 4047,	 4103
-4.15,	 4158,	 4158
-4.14,	 4212,	 4302
-4.13,	 4276,	 4336
-4.12,	 4320,	 4335
-4.11,	 4582,	 4456
-4.10,	 4641,	 4368
-4.09,	 4655,	 4408
-4.08,	 4657,	 4565
-4.07,	 4666,	 4544
-4.06,	 4796,	 4711
-4.05,	 4837,	 4663
-4.04,	 5157,	 4637
-4.03,	 5089,	 4687
-4.02,	 5116,	 4907
-4.01,	 5169,	 4777
-4.00,	 5407,	 4856
-3.99,	 5395,	 4910
-3.98,	 5434,	 5079
-3.97,	 5584,	 5089
-3.96,	 5647,	 5124
-3.95,	 5688,	 5197
-3.94,	 5774,	 5208
-3.93,	 5978,	 5372
-3.92,	 5988,	 5399
-3.91,	 6145,	 5336
-3.90,	 6219,	 5474
-3.89,	 6247,	 5741
-3.88,	 6267,	 5644
-3.87,	 6417,	 5640
-3.86,	 6579,	 5647
-3.85,	 6632,	 5755
-3.84,	 6710,	 5711
-3.83,	 6897,	 6012
-3.82,	 6904,	 6006
-3.81,	 7107,	 6037
-3.80,	 7216,	 6178
-3.79,	 7285,	 6200
-3.78,	 7284,	 6284
-3.77,	 7421,	 6374
-3.76,	 7571,	 6533
-3.75,	 7767,	 6497
-3.74,	 7940,	 6431
-3.73,	 7754,	 6625
-3.72,	 8102,	 6573
-3.71,	 8199,	 6708
-3.70,	 8214,	 6699
-3.69,	 8185,	 6819
-3.68,	 8365,	 6882
-3.67,	 8492,	 6918
-3.66,	 8801,	 7113
-3.65,	 8929,	 7038
-3.64,	 9118,	 7301
-3.63,	 9242,	 7317
-3.62,	 9150,	 7333
-3.61,	 9472,	 7311
-3.60,	 9363,	 7658
-3.59,	 9529,	 7490
-3.58,	 9690,	 7553
-3.57,	 9967,	 7757
-3.56,	 9955,	 7812
-3.55,	 10297,	 7877
-3.54,	 10433,	 8007
-3.53,	 10450,	 7995
-3.52,	 10449,	 8175
-3.51,	 10766,	 8124
-3.50,	 10755,	 8243
-3.49,	 10870,	 8275
-3.48,	 11174,	 8429
-3.47,	 11468,	 8241
-3.46,	 11321,	 8615
-3.45,	 11325,	 8537
-3.44,	 11738,	 8854
-3.43,	 11636,	 8913
-3.42,	 11710,	 9120
-3.41,	 12154,	 8913
-3.40,	 12125,	 9065
-3.39,	 12399,	 9258
-3.38,	 12429,	 9364
-3.37,	 12509,	 9513
-3.36,	 12835,	 9645
-3.35,	 13003,	 9577
-3.34,	 13136,	 9773
-3.33,	 13275,	 9879
-3.32,	 13269,	 9841
-3.31,	 13388,	 9969
-3.30,	 13833,	 10047
-3.29,	 13886,	 10204
-3.28,	 13960,	 10027
-3.27,	 13975,	 10457
-3.26,	 14258,	 10648
-3.25,	 14412,	 10720
-3.24,	 14680,	 10992
-3.23,	 14716,	 10777
-3.22,	 14808,	 10953
-3.21,	 15139,	 11088
-3.20,	 15307,	 11179
-3.19,	 15318,	 11309
-3.18,	 15568,	 11385
-3.17,	 15667,	 11409
-3.16,	 15930,	 11806
-3.15,	 15971,	 11509
-3.14,	 16490,	 11764
-3.13,	 16301,	 12002
-3.12,	 16305,	 12492
-3.11,	 16786,	 12338
-3.10,	 16804,	 12440
-3.09,	 16720,	 12501
-3.08,	 17067,	 12746
-3.07,	 17356,	 12960
-3.06,	 17454,	 12886
-3.05,	 17745,	 13041
-3.04,	 17821,	 13259
-3.03,	 18253,	 13389
-3.02,	 18314,	 13500
-3.01,	 18593,	 13842
-3.00,	 18513,	 13873
-2.99,	 18317,	 13755
-2.98,	 18941,	 14207
-2.97,	 18775,	 14183
-2.96,	 19441,	 14272
-2.95,	 19638,	 14792
-2.94,	 19626,	 14801
-2.93,	 19903,	 14976
-2.92,	 20237,	 15476
-2.91,	 20277,	 15668
-2.90,	 20165,	 15881
-2.89,	 20407,	 16034
-2.88,	 20739,	 16321
-2.87,	 21102,	 16449
-2.86,	 21307,	 16924
-2.85,	 21460,	 17271
-2.84,	 21725,	 17530
-2.83,	 21931,	 18193
-2.82,	 21886,	 18535
-2.81,	 22163,	 18677
-2.80,	 22345,	 19020
-2.79,	 22730,	 19395
-2.78,	 22656,	 19817
-2.77,	 23073,	 20394
-2.76,	 22970,	 20504
-2.75,	 23233,	 21180
-2.74,	 23544,	 21172
-2.73,	 23766,	 21694
-2.72,	 23962,	 22099
-2.71,	 23974,	 22407
-2.70,	 24491,	 23251
-2.69,	 24578,	 23396
-2.68,	 24804,	 23613
-2.67,	 24680,	 24314
-2.66,	 25060,	 24588
-2.65,	 25578,	 24986
-2.64,	 25639,	 25334
-2.63,	 25674,	 25731
-2.62,	 25937,	 25991
-2.61,	 26045,	 26508
-2.60,	 26672,	 26581
-2.59,	 26716,	 26953
-2.58,	 27100,	 27587
-2.57,	 27202,	 27716
-2.56,	 27401,	 28165
-2.55,	 27339,	 28692
-2.54,	 27853,	 28924
-2.53,	 27886,	 29156
-2.52,	 28034,	 29732
-2.51,	 28196,	 30191
-2.50,	 28551,	 30297
-2.49,	 28975,	 30855
-2.48,	 28899,	 31195
-2.47,	 29592,	 31473
-2.46,	 29290,	 31594
-2.45,	 29806,	 32156
-2.44,	 29984,	 32769
-2.43,	 30027,	 33169
-2.42,	 30466,	 33721
-2.41,	 30568,	 33706
-2.40,	 31196,	 34363
-2.39,	 31134,	 34503
-2.38,	 31345,	 35093
-2.37,	 31389,	 35335
-2.36,	 31784,	 35609
-2.35,	 31761,	 36129
-2.34,	 32293,	 36533
-2.33,	 32346,	 36969
-2.32,	 32824,	 37083
-2.31,	 33000,	 37550
-2.30,	 33270,	 37767
-2.29,	 33725,	 38260
-2.28,	 33638,	 38477
-2.27,	 33997,	 38511
-2.26,	 34016,	 39478
-2.25,	 34827,	 39537
-2.24,	 34864,	 40079
-2.23,	 34979,	 40375
-2.22,	 35370,	 40397
-2.21,	 35338,	 41037
-2.20,	 35612,	 41535
-2.19,	 36201,	 41820
-2.18,	 36240,	 42295
-2.17,	 36580,	 42622
-2.16,	 36895,	 43259
-2.15,	 36821,	 43216
-2.14,	 37318,	 43921
-2.13,	 37395,	 44071
-2.12,	 37365,	 44295
-2.11,	 38116,	 45046
-2.10,	 38036,	 45313
-2.09,	 38464,	 45435
-2.08,	 38896,	 46130
-2.07,	 39264,	 46340
-2.06,	 39517,	 46528
-2.05,	 39851,	 46921
-2.04,	 39708,	 47773
-2.03,	 40479,	 47868
-2.02,	 40659,	 48249
-2.01,	 40898,	 48776
-2.00,	 41064,	 49110
-1.99,	 41489,	 49279
-1.98,	 41452,	 49973
-1.97,	 41848,	 49988
-1.96,	 42125,	 50423
-1.95,	 42553,	 50308
-1.94,	 42765,	 50661
-1.93,	 43226,	 50885
-1.92,	 43179,	 50984
-1.91,	 43422,	 51673
-1.90,	 43716,	 52235
-1.89,	 43881,	 52166
-1.88,	 44097,	 52256
-1.87,	 44649,	 52532
-1.86,	 44691,	 53262
-1.85,	 45205,	 53124
-1.84,	 45390,	 53319
-1.83,	 45434,	 53531
-1.82,	 45973,	 54002
-1.81,	 46249,	 54353
-1.80,	 46129,	 53998
-1.79,	 46543,	 54367
-1.78,	 46918,	 54804
-1.77,	 47157,	 54554
-1.76,	 47595,	 55234
-1.75,	 47665,	 55218
-1.74,	 48492,	 55360
-1.73,	 48091,	 55550
-1.72,	 48712,	 55752
-1.71,	 48633,	 55911
-1.70,	 49087,	 56354
-1.69,	 49111,	 56604
-1.68,	 49045,	 56508
-1.67,	 49718,	 56647
-1.66,	 49789,	 56775
-1.65,	 50384,	 56800
-1.64,	 50223,	 57141
-1.63,	 50758,	 57421
-1.62,	 51022,	 57797
-1.61,	 51291,	 57511
-1.60,	 51737,	 57555
-1.59,	 51714,	 58108
-1.58,	 51788,	 58462
-1.57,	 52523,	 58377
-1.56,	 52308,	 58295
-1.55,	 52132,	 58394
-1.54,	 53034,	 58911
-1.53,	 53093,	 59256
-1.52,	 53202,	 59311
-1.51,	 53477,	 59369
-1.50,	 54247,	 59291
-1.49,	 54143,	 59175
-1.48,	 54479,	 59694
-1.47,	 55044,	 59943
-1.46,	 54485,	 60298
-1.45,	 55260,	 59580
-1.44,	 55390,	 60204
-1.43,	 55554,	 60440
-1.42,	 55746,	 60447
-1.41,	 56073,	 60686
-1.40,	 56173,	 60639
-1.39,	 56014,	 60758
-1.38,	 56305,	 60772
-1.37,	 56613,	 60848
-1.36,	 57215,	 60973
-1.35,	 57062,	 61245
-1.34,	 57357,	 61467
-1.33,	 57615,	 61188
-1.32,	 57640,	 61687
-1.31,	 58397,	 61841
-1.30,	 57972,	 61745
-1.29,	 58255,	 61388
-1.28,	 58516,	 62483
-1.27,	 58976,	 62129
-1.26,	 59249,	 62003
-1.25,	 59689,	 62269
-1.24,	 59304,	 62891
-1.23,	 60233,	 62428
-1.22,	 59779,	 62467
-1.21,	 60398,	 62435
-1.20,	 60203,	 62694
-1.19,	 60969,	 63196
-1.18,	 60571,	 62952
-1.17,	 60425,	 63373
-1.16,	 61365,	 63053
-1.15,	 61914,	 63185
-1.14,	 61272,	 62890
-1.13,	 61434,	 63680
-1.12,	 61891,	 63568
-1.11,	 62145,	 63871
-1.10,	 61977,	 63475
-1.09,	 62532,	 64184
-1.08,	 62882,	 63751
-1.07,	 63104,	 63864
-1.06,	 62606,	 63951
-1.05,	 63558,	 64150
-1.04,	 63908,	 63475
-1.03,	 63686,	 64638
-1.02,	 63703,	 64340
-1.01,	 64222,	 64313
-1.00,	 64794,	 64385
-0.99,	 64721,	 64553
-0.98,	 64600,	 64685
-0.97,	 64713,	 64488
-0.96,	 65028,	 64200
-0.95,	 65162,	 64604
-0.94,	 65183,	 64604
-0.93,	 65387,	 65306
-0.92,	 65656,	 65086
-0.91,	 66206,	 64984
-0.90,	 66072,	 65107
-0.89,	 66046,	 65589
-0.88,	 66529,	 65286
-0.87,	 66419,	 64692
-0.86,	 67242,	 65652
-0.85,	 67106,	 65243
-0.84,	 67127,	 65507
-0.83,	 67200,	 65966
-0.82,	 67637,	 65722
-0.81,	 68116,	 65890
-0.80,	 67558,	 65867
-0.79,	 68083,	 65786
-0.78,	 67981,	 65937
-0.77,	 68479,	 65359
-0.76,	 68104,	 66296
-0.75,	 68639,	 66263
-0.74,	 68630,	 65971
-0.73,	 68896,	 66144
-0.72,	 69110,	 66045
-0.71,	 68892,	 66196
-0.70,	 68721,	 65838
-0.69,	 69318,	 66549
-0.68,	 69388,	 66137
-0.67,	 69732,	 66171
-0.66,	 69767,	 66155
-0.65,	 70067,	 66566
-0.64,	 70179,	 66661
-0.63,	 70311,	 66497
-0.62,	 70463,	 66855
-0.61,	 70078,	 66563
-0.60,	 70406,	 67152
-0.59,	 70968,	 66270
-0.58,	 70980,	 66455
-0.57,	 71046,	 66858
-0.56,	 71377,	 67087
-0.55,	 71426,	 66932
-0.54,	 71283,	 66935
-0.53,	 71850,	 66785
-0.52,	 71849,	 67156
-0.51,	 71571,	 67374
-0.50,	 72081,	 66888
-0.49,	 72141,	 66783
-0.48,	 72298,	 67065
-0.47,	 72462,	 67505
-0.46,	 72684,	 67697
-0.45,	 72718,	 67117
-0.44,	 72581,	 67174
-0.43,	 72631,	 66759
-0.42,	 73099,	 67289
-0.41,	 72819,	 66982
-0.40,	 73239,	 67793
-0.39,	 73243,	 67227
-0.38,	 73194,	 68392
-0.37,	 73534,	 67082
-0.36,	 73206,	 67206
-0.35,	 74011,	 67485
-0.34,	 73848,	 67759
-0.33,	 74035,	 67329
-0.32,	 73634,	 67759
-0.31,	 73969,	 67991
-0.30,	 73990,	 67915
-0.29,	 73896,	 67696
-0.28,	 73735,	 67274
-0.27,	 74176,	 67847
-0.26,	 74518,	 67438
-0.25,	 74149,	 67871
-0.24,	 74281,	 67605
-0.23,	 74104,	 67900
-0.22,	 74559,	 67813
-0.21,	 75026,	 67834
-0.20,	 75092,	 67817
-0.19,	 75036,	 67481
-0.18,	 74991,	 67802
-0.17,	 74739,	 67573
-0.16,	 75259,	 67825
-0.15,	 74923,	 68184
-0.14,	 74898,	 67998
-0.13,	 74928,	 67618
-0.12,	 76021,	 67594
-0.11,	 75031,	 68043
-0.10,	 75101,	 67632
-0.09,	 75504,	 67847
-0.08,	 74686,	 67598
-0.07,	 75355,	 67874
-0.06,	 75421,	 67390
-0.05,	 75619,	 67635
-0.04,	 74762,	 67848
-0.03,	 75429,	 67743
-0.02,	 75387,	 67750
-0.01,	 75517,	 67565
0.00,	 75301,	 71376
0.01,	 75900,	 68069
0.02,	 75345,	 67911
0.03,	 75361,	 67857
0.04,	 75435,	 67810
0.05,	 75365,	 68218
0.06,	 75268,	 68240
0.07,	 75322,	 68001
0.08,	 75221,	 67881
0.09,	 74865,	 68221
0.10,	 74990,	 67666
0.11,	 75405,	 67891
0.12,	 75814,	 67638
0.13,	 74570,	 67814
0.14,	 74858,	 67775
0.15,	 74730,	 67376
0.16,	 75000,	 67718
0.17,	 75047,	 67367
0.18,	 74878,	 68184
0.19,	 74780,	 67861
0.20,	 74822,	 67311
0.21,	 75107,	 67759
0.22,	 74832,	 68005
0.23,	 74391,	 67693
0.24,	 74268,	 67176
0.25,	 74483,	 67658
0.26,	 74200,	 67535
0.27,	 74378,	 67915
0.28,	 74309,	 67259
0.29,	 74203,	 67291
0.30,	 73565,	 66926
0.31,	 73936,	 67651
0.32,	 73306,	 67660
0.33,	 73799,	 67196
0.34,	 73719,	 67546
0.35,	 73646,	 67117
0.36,	 73247,	 67469
0.37,	 72913,	 67267
0.38,	 73351,	 67452
0.39,	 73131,	 67111
0.40,	 73346,	 67470
0.41,	 73007,	 67801
0.42,	 72683,	 67467
0.43,	 72654,	 67286
0.44,	 72757,	 67359
0.45,	 72572,	 67018
0.46,	 71992,	 66638
0.47,	 72380,	 67041
0.48,	 72350,	 66964
0.49,	 72554,	 67149
0.50,	 72010,	 67321
0.51,	 71938,	 66886
0.52,	 72041,	 66967
0.53,	 71506,	 67100
0.54,	 71358,	 67349
0.55,	 71345,	 66846
0.56,	 71271,	 66719
0.57,	 71300,	 67137
0.58,	 71110,	 66972
0.59,	 70966,	 66581
0.60,	 70602,	 66707
0.61,	 70748,	 66548
0.62,	 70639,	 66530
0.63,	 70159,	 66518
0.64,	 70160,	 66946
0.65,	 70139,	 66419
0.66,	 70011,	 66474
0.67,	 69521,	 66832
0.68,	 70268,	 66269
0.69,	 69127,	 66098
0.70,	 69441,	 66595
0.71,	 68509,	 66078
0.72,	 68902,	 66115
0.73,	 68843,	 66385
0.74,	 68796,	 66017
0.75,	 68813,	 66438
0.76,	 68713,	 65987
0.77,	 67824,	 66129
0.78,	 67887,	 65815
0.79,	 67999,	 65493
0.80,	 68012,	 65413
0.81,	 67774,	 65367
0.82,	 67344,	 65595
0.83,	 67560,	 65709
0.84,	 66902,	 65276
0.85,	 66833,	 65110
0.86,	 66633,	 65757
0.87,	 66073,	 65416
0.88,	 66562,	 65757
0.89,	 66331,	 65188
0.90,	 65685,	 65399
0.91,	 66017,	 64898
0.92,	 65758,	 64740
0.93,	 65483,	 64941
0.94,	 65031,	 64937
0.95,	 64933,	 64129
0.96,	 65070,	 64807
0.97,	 65305,	 64775
0.98,	 64511,	 64265
0.99,	 64567,	 64172
1.00,	 63935,	 64883
1.01,	 64308,	 64679
1.02,	 63773,	 64538
1.03,	 63594,	 64255
1.04,	 63893,	 64167
1.05,	 63205,	 63778
1.06,	 63283,	 64490
1.07,	 62782,	 63761
1.08,	 62735,	 63571
1.09,	 62603,	 63825
1.10,	 62657,	 63770
1.11,	 62347,	 63640
1.12,	 61751,	 63499
1.13,	 62205,	 63396
1.14,	 61416,	 63314
1.15,	 61330,	 62947
1.16,	 60911,	 62874
1.17,	 60833,	 63152
1.18,	 60570,	 62117
1.19,	 60263,	 62995
1.20,	 60586,	 62610
1.21,	 60303,	 62986
1.22,	 59895,	 62937
1.23,	 59807,	 62285
1.24,	 59612,	 62398
1.25,	 59458,	 62335
1.26,	 59098,	 61986
1.27,	 58998,	 61829
1.28,	 58614,	 61648
1.29,	 58256,	 61287
1.30,	 58460,	 61243
1.31,	 58122,	 61784
1.32,	 57798,	 61337
1.33,	 57493,	 61439
1.34,	 57363,	 61997
1.35,	 57526,	 61136
1.36,	 57467,	 61056
1.37,	 56258,	 60728
1.38,	 56829,	 61088
1.39,	 55701,	 60379
1.40,	 56213,	 60603
1.41,	 55938,	 60606
1.42,	 55687,	 60254
1.43,	 55605,	 60648
1.44,	 55076,	 60009
1.45,	 55083,	 59988
1.46,	 54743,	 59645
1.47,	 54341,	 59689
1.48,	 54309,	 59774
1.49,	 53812,	 59607
1.50,	 53971,	 59036
1.51,	 53540,	 59170
1.52,	 53455,	 59038
1.53,	 53099,	 58653
1.54,	 52656,	 58498
1.55,	 52594,	 58790
1.56,	 52314,	 58307
1.57,	 52012,	 58037
1.58,	 51859,	 57956
1.59,	 51540,	 58154
1.60,	 51063,	 57611
1.61,	 51202,	 57902
1.62,	 51044,	 58055
1.63,	 50939,	 57435
1.64,	 50436,	 57308
1.65,	 50218,	 56832
1.66,	 50086,	 57021
1.67,	 49853,	 56969
1.68,	 49502,	 56861
1.69,	 49227,	 56695
1.70,	 49224,	 56091
1.71,	 48905,	 56155
1.72,	 48149,	 55588
1.73,	 48222,	 55233
1.74,	 47744,	 55258
1.75,	 47429,	 55510
1.76,	 47351,	 55090
1.77,	 47000,	 54968
1.78,	 47328,	 54292
1.79,	 46882,	 54390
1.80,	 46516,	 54496
1.81,	 45981,	 54000
1.82,	 45894,	 53728
1.83,	 45851,	 53698
1.84,	 45517,	 53179
1.85,	 45681,	 53172
1.86,	 44894,	 52688
1.87,	 44720,	 53141
1.88,	 44012,	 52568
1.89,	 43911,	 52268
1.90,	 44015,	 52194
1.91,	 43930,	 51515
1.92,	 43405,	 51410
1.93,	 43220,	 51236
1.94,	 42077,	 50866
1.95,	 42715,	 50647
1.96,	 42003,	 50272
1.97,	 42017,	 49756
1.98,	 41603,	 49907
1.99,	 41013,	 49278
2.00,	 40781,	 49059
2.01,	 40672,	 48675
2.02,	 40395,	 48209
2.03,	 40272,	 47746
2.04,	 39994,	 47405
2.05,	 39588,	 47340
2.06,	 39718,	 47190
2.07,	 38962,	 46673
2.08,	 39065,	 45862
2.09,	 38436,	 46146
2.10,	 38254,	 45033
2.11,	 38354,	 44972
2.12,	 37929,	 44176
2.13,	 37442,	 44027
2.14,	 37223,	 44004
2.15,	 37043,	 43482
2.16,	 37006,	 43290
2.17,	 36919,	 42733
2.18,	 36412,	 42604
2.19,	 36453,	 41815
2.20,	 36080,	 42221
2.21,	 35577,	 41072
2.22,	 35119,	 40705
2.23,	 34672,	 40615
2.24,	 34894,	 40080
2.25,	 34719,	 39546
2.26,	 34339,	 39274
2.27,	 34124,	 38993
2.28,	 33750,	 38532
2.29,	 33208,	 38173
2.30,	 33659,	 38094
2.31,	 32750,	 37644
2.32,	 32760,	 37126
2.33,	 32656,	 37002
2.34,	 32402,	 36469
2.35,	 32189,	 36043
2.36,	 31917,	 35268
2.37,	 31346,	 35198
2.38,	 31444,	 34998
2.39,	 30942,	 34327
2.40,	 30769,	 34250
2.41,	 30759,	 33770
2.42,	 30697,	 33333
2.43,	 30560,	 33075
2.44,	 29667,	 32629
2.45,	 29385,	 32112
2.46,	 29497,	 32135
2.47,	 29547,	 31499
2.48,	 28797,	 31518
2.49,	 28710,	 30631
2.50,	 28940,	 30399
2.51,	 28299,	 29957
2.52,	 28147,	 29729
2.53,	 27648,	 29318
2.54,	 27653,	 28584
2.55,	 27243,	 28601
2.56,	 27114,	 27953
2.57,	 27071,	 27588
2.58,	 27130,	 27810
2.59,	 26451,	 27109
2.60,	 26421,	 26765
2.61,	 26185,	 26398
2.62,	 26074,	 25936
2.63,	 25661,	 25503
2.64,	 25387,	 25453
2.65,	 25336,	 24685
2.66,	 25303,	 24686
2.67,	 25116,	 24036
2.68,	 24563,	 23614
2.69,	 24582,	 23207
2.70,	 24459,	 23004
2.71,	 24132,	 22514
2.72,	 23995,	 22063
2.73,	 24131,	 21849
2.74,	 23538,	 21708
2.75,	 23368,	 21188
2.76,	 23125,	 20625
2.77,	 22910,	 20115
2.78,	 22700,	 19717
2.79,	 22484,	 19573
2.80,	 22357,	 19026
2.81,	 22120,	 18838
2.82,	 22086,	 18526
2.83,	 21478,	 18192
2.84,	 21625,	 17616
2.85,	 21337,	 17377
2.86,	 21053,	 17030
2.87,	 20859,	 16972
2.88,	 20816,	 16532
2.89,	 20488,	 16196
2.90,	 20303,	 15699
2.91,	 20145,	 15685
2.92,	 20163,	 15370
2.93,	 19873,	 15009
2.94,	 19718,	 14939
2.95,	 19839,	 14862
2.96,	 19508,	 14454
2.97,	 19140,	 14341
2.98,	 18835,	 14139
2.99,	 18755,	 14013
3.00,	 18648,	 13568
3.01,	 18289,	 13481
3.02,	 18342,	 13524
3.03,	 17629,	 13369
3.04,	 18018,	 13139
3.05,	 17606,	 13144
3.06,	 17561,	 12943
3.07,	 17275,	 13027
3.08,	 16875,	 12676
3.09,	 16958,	 12489
3.10,	 16930,	 12463
3.11,	 16356,	 12263
3.12,	 16544,	 12142
3.13,	 16233,	 11946
3.14,	 16089,	 11957
3.15,	 16097,	 11807
3.16,	 15860,	 11514
3.17,	 15591,	 11582
3.18,	 15369,	 11305
3.19,	 15583,	 11390
3.20,	 14923,	 11060
3.21,	 15251,	 10905
3.22,	 14869,	 11136
3.23,	 14657,	 10592
3.24,	 14517,	 10840
3.25,	 14469,	 10514
3.26,	 14174,	 10507
3.27,	 13956,	 10465
3.28,	 13694,	 10377
3.29,	 13911,	 10000
3.30,	 13634,	 10240
3.31,	 13466,	 10085
3.32,	 13378,	 9858
3.33,	 13011,	 9766
3.34,	 12963,	 9597
3.35,	 12842,	 9449
3.36,	 12777,	 9568
3.37,	 12687,	 9593
3.38,	 12540,	 9231
3.39,	 12262,	 9158
3.40,	 12008,	 9092
3.41,	 12157,	 9073
3.42,	 11870,	 8984
3.43,	 11632,	 8835
3.44,	 11492,	 8720
3.45,	 11524,	 8627
3.46,	 11224,	 8638
3.47,	 11222,	 8512
3.48,	 11153,	 8358
3.49,	 10989,	 8398
3.50,	 10739,	 8326
3.51,	 10534,	 8118
3.52,	 10473,	 8193
3.53,	 10498,	 7988
3.54,	 10316,	 7819
3.55,	 10130,	 7717
3.56,	 9915,	 7715
3.57,	 9905,	 7714
3.58,	 9657,	 7508
3.59,	 9525,	 7502
3.60,	 9531,	 7534
3.61,	 9426,	 7416
3.62,	 9227,	 7290
3.63,	 9110,	 7133
3.64,	 8982,	 7210
3.65,	 8932,	 7212
3.66,	 8784,	 7104
3.67,	 8714,	 7060
3.68,	 8577,	 6924
3.69,	 8177,	 6751
3.70,	 8210,	 6848
3.71,	 8131,	 6591
3.72,	 8068,	 6630
3.73,	 8027,	 6569
3.74,	 7797,	 6472
3.75,	 7727,	 6403
3.76,	 7511,	 6309
3.77,	 7588,	 6111
3.78,	 7253,	 6253
3.79,	 7292,	 6296
3.80,	 7098,	 6192
3.81,	 6994,	 6040
3.82,	 6947,	 6091
3.83,	 6791,	 5814
3.84,	 6837,	 5775
3.85,	 6630,	 5662
3.86,	 6561,	 5580
3.87,	 6543,	 5645
3.88,	 6392,	 5691
3.89,	 6300,	 5435
3.90,	 6190,	 5495
3.91,	 6145,	 5403
3.92,	 5979,	 5398
3.93,	 5684,	 5328
3.94,	 5920,	 5186
3.95,	 5531,	 5306
3.96,	 5772,	 5051
3.97,	 5548,	 4957
3.98,	 5356,	 5062
3.99,	 5369,	 5031
4.00,	 5204,	 4949
4.01,	 5053,	 4999
4.02,	 5047,	 4932
4.03,	 5150,	 4819
4.04,	 5031,	 4736
4.05,	 4804,	 4663
4.06,	 4795,	 4620
4.07,	 4742,	 4458
4.08,	 4659,	 4542
4.09,	 4607,	 4462
4.10,	 4609,	 4442
4.11,	 4427,	 4431
4.12,	 4332,	 4413
4.13,	 4303,	 4480
4.14,	 4329,	 4320
4.15,	 4183,	 4200
4.16,	 4069,	 3991
4.17,	 4070,	 4128
4.18,	 3985,	 4091
4.19,	 3887,	 3961
4.20,	 4002,	 3841
4.21,	 3860,	 3995
4.22,	 3699,	 3986
4.23,	 3730,	 3769
4.24,	 3569,	 3706
4.25,	 3590,	 3652
4.26,	 3526,	 3660
4.27,	 3508,	 3561
4.28,	 3371,	 3536
4.29,	 3393,	 3545
4.30,	 3348,	 3565
4.31,	 3394,	 3376
4.32,	 3196,	 3522
4.33,	 3172,	 3289
4.34,	 3024,	 3325
4.35,	 3076,	 3391
4.36,	 3038,	 3192
4.37,	 2929,	 3190
4.38,	 2973,	 3124
4.39,	 2799,	 3070
4.40,	 2889,	 3161
4.41,	 2728,	 3096
4.42,	 2755,	 3003
4.43,	 2668,	 3047
4.44,	 2630,	 2956
4.45,	 2641,	 2884
4.46,	 2496,	 2948
4.47,	 2534,	 2859
4.48,	 2432,	 2809
4.49,	 2398,	 2729
4.50,	 2410,	 2671
4.51,	 2336,	 2745
4.52,	 2239,	 2682
4.53,	 2233,	 2666
4.54,	 2206,	 2578
4.55,	 2202,	 2601
4.56,	 2079,	 2509
4.57,	 2041,	 2498
4.58,	 2112,	 2431
4.59,	 2031,	 2413
4.60,	 2020,	 2456
4.61,	 1998,	 2423
4.62,	 1925,	 2400
4.63,	 1931,	 2291
4.64,	 1823,	 2257
4.65,	 1842,	 2278
4.66,	 1741,	 2256
4.67,	 1754,	 2209
4.68,	 1712,	 2135
4.69,	 1694,	 2080
4.70,	 1677,	 2068
4.71,	 1682,	 2106
4.72,	 1627,	 2058
4.73,	 1540,	 1955
4.74,	 1626,	 1947
4.75,	 1489,	 1946
4.76,	 1461,	 1873
4.77,	 1497,	 1887
4.78,	 1435,	 1917
4.79,	 1455,	 1864
4.80,	 1332,	 1798
4.81,	 1449,	 1783
4.82,	 1246,	 1792
4.83,	 1333,	 1683
4.84,	 1262,	 1770
4.85,	 1238,	 1637
4.86,	 1201,	 1593
4.87,	 1193,	 1613
4.88,	 1160,	 1577
4.89,	 1112,	 1552
4.90,	 1124,	 1537
4.91,	 1091,	 1598
4.92,	 1071,	 1491
4.93,	 1003,	 1450
4.94,	 997,	 1459
4.95,	 942,	 1383
4.96,	 1001,	 1410
4.97,	 1020,	 1381
4.98,	 933,	 1349
4.99,	 932,	 1315
5.00,	 887,	 1287
5.01,	 912,	 1290
5.02,	 854,	 1281
5.03,	 880,	 1224
5.04,	 787,	 1221
5.05,	 837,	 1235
5.06,	 777,	 1168
5.07,	 731,	 1088
5.08,	 707,	 1187
5.09,	 700,	 1120
5.10,	 688,	 1036
5.11,	 701,	 1069
5.12,	 658,	 1010
5.13,	 629,	 977
5.14,	 636,	 1052
5.15,	 606,	 994
5.16,	 554,	 952
5.17,	 550,	 938
5.18,	 607,	 975
5.19,	 533,	 895
5.20,	 545,	 851
5.21,	 530,	 854
5.22,	 496,	 859
5.23,	 500,	 802
5.24,	 456,	 835
5.25,	 466,	 770
5.26,	 499,	 753
5.27,	 465,	 813
5.28,	 433,	 768
5.29,	 416,	 725
5.30,	 389,	 735
5.31,	 390,	 677
5.32,	 371,	 679
5.33,	 353,	 691
5.34,	 361,	 652
5.35,	 326,	 622
5.36,	 316,	 618
5.37,	 312,	 607
5.38,	 298,	 589
5.39,	 305,	 578
5.40,	 230,	 558
5.41,	 282,	 545
5.42,	 279,	 495
5.43,	 275,	 501
5.44,	 257,	 534
5.45,	 260,	 500
5.46,	 222,	 490
5.47,	 203,	 482
5.48,	 202,	 409
5.49,	 187,	 431
5.50,	 171,	 387
5.51,	 189,	 391
5.52,	 173,	 403
5.53,	 147,	 377
5.54,	 146,	 344
5.55,	 170,	 367
5.56,	 130,	 333
5.57,	 129,	 305
5.58,	 141,	 325
5.59,	 132,	 316
5.60,	 118,	 299
5.61,	 111,	 269
5.62,	 115,	 289
5.63,	 97,	 249
5.64,	 88,	 252
5.65,	 100,	 226
5.66,	 88,	 236
5.67,	 78,	 218
5.68,	 71,	 210
5.69,	 69,	 212
5.70,	 63,	 147
5.71,	 62,	 172
5.72,	 50,	 152
5.73,	 40,	 143
5.74,	 37,	 128
5.75,	 44,	 138
5.76,	 51,	 147
5.77,	 40,	 129
5.78,	 31,	 110
5.79,	 41,	 108
5.80,	 26,	 93
5.81,	 22,	 85
5.82,	 23,	 87
5.83,	 18,	 61
5.84,	 28,	 66
5.85,	 10,	 56
5.86,	 16,	 56
5.87,	 14,	 54
5.88,	 12,	 40
5.89,	 12,	 40
5.90,	 6,	 41
5.91,	 3,	 36
5.92,	 9,	 24
5.93,	 5,	 20
5.94,	 2,	 17
5.95,	 2,	 12
5.96,	 0,	 8
5.97,	 1,	 4
5.98,	 0,	 3
5.99,	 0,	 1
