-4.99, 	 1, 	 0, 	 0
-4.98, 	 3, 	 0, 	 7
-4.97, 	 13, 	 0, 	 8
-4.96, 	 18, 	 0, 	 27
-4.95, 	 34, 	 0, 	 33
-4.94, 	 42, 	 0, 	 32
-4.93, 	 57, 	 0, 	 42
-4.92, 	 57, 	 0, 	 72
-4.91, 	 84, 	 0, 	 63
-4.90, 	 86, 	 0, 	 81
-4.89, 	 85, 	 0, 	 75
-4.88, 	 126, 	 0, 	 109
-4.87, 	 129, 	 0, 	 131
-4.86, 	 117, 	 0, 	 144
-4.85, 	 158, 	 0, 	 166
-4.84, 	 181, 	 0, 	 163
-4.83, 	 174, 	 0, 	 183
-4.82, 	 201, 	 0, 	 193
-4.81, 	 254, 	 0, 	 225
-4.80, 	 236, 	 0, 	 234
-4.79, 	 254, 	 0, 	 295
-4.78, 	 270, 	 0, 	 293
-4.77, 	 291, 	 0, 	 294
-4.76, 	 355, 	 0, 	 317
-4.75, 	 338, 	 0, 	 380
-4.74, 	 346, 	 0, 	 375
-4.73, 	 412, 	 0, 	 394
-4.72, 	 390, 	 0, 	 445
-4.71, 	 440, 	 0, 	 439
-4.70, 	 458, 	 0, 	 463
-4.69, 	 502, 	 0, 	 463
-4.68, 	 511, 	 0, 	 521
-4.67, 	 575, 	 0, 	 518
-4.66, 	 523, 	 0, 	 510
-4.65, 	 561, 	 0, 	 582
-4.64, 	 600, 	 0, 	 590
-4.63, 	 627, 	 0, 	 640
-4.62, 	 642, 	 0, 	 642
-4.61, 	 703, 	 0, 	 753
-4.60, 	 716, 	 0, 	 708
-4.59, 	 706, 	 0, 	 703
-4.58, 	 762, 	 0, 	 773
-4.57, 	 798, 	 0, 	 868
-4.56, 	 834, 	 0, 	 851
-4.55, 	 919, 	 0, 	 933
-4.54, 	 924, 	 0, 	 895
-4.53, 	 973, 	 0, 	 925
-4.52, 	 952, 	 0, 	 983
-4.51, 	 947, 	 0, 	 948
-4.50, 	 1017, 	 0, 	 1032
-4.49, 	 1079, 	 0, 	 1036
-4.48, 	 1132, 	 0, 	 1098
-4.47, 	 1118, 	 0, 	 1128
-4.46, 	 1129, 	 0, 	 1183
-4.45, 	 1214, 	 0, 	 1217
-4.44, 	 1245, 	 0, 	 1258
-4.43, 	 1323, 	 0, 	 1290
-4.42, 	 1300, 	 0, 	 1312
-4.41, 	 1374, 	 0, 	 1370
-4.40, 	 1438, 	 0, 	 1444
-4.39, 	 1465, 	 0, 	 1473
-4.38, 	 1541, 	 0, 	 1341
-4.37, 	 1515, 	 0, 	 1571
-4.36, 	 1503, 	 0, 	 1562
-4.35, 	 1636, 	 0, 	 1586
-4.34, 	 1658, 	 0, 	 1645
-4.33, 	 1672, 	 0, 	 1659
-4.32, 	 1754, 	 0, 	 1660
-4.31, 	 1823, 	 0, 	 1785
-4.30, 	 1769, 	 0, 	 1815
-4.29, 	 1822, 	 0, 	 1821
-4.28, 	 1867, 	 0, 	 1901
-4.27, 	 1912, 	 0, 	 1991
-4.26, 	 2068, 	 0, 	 2021
-4.25, 	 2114, 	 0, 	 2014
-4.24, 	 2089, 	 0, 	 2075
-4.23, 	 2118, 	 0, 	 2112
-4.22, 	 2163, 	 0, 	 2210
-4.21, 	 2246, 	 0, 	 2279
-4.20, 	 2277, 	 0, 	 2364
-4.19, 	 2304, 	 0, 	 2382
-4.18, 	 2442, 	 0, 	 2456
-4.17, 	 2471, 	 0, 	 2449
-4.16, 	 2453, 	 0, 	 2503
-4.15, 	 2528, 	 0, 	 2517
-4.14, 	 2586, 	 0, 	 2640
-4.13, 	 2571, 	 0, 	 2718
-4.12, 	 2700, 	 0, 	 2602
-4.11, 	 2770, 	 0, 	 2748
-4.10, 	 2811, 	 0, 	 2792
-4.09, 	 2839, 	 0, 	 2759
-4.08, 	 2949, 	 0, 	 2774
-4.07, 	 2955, 	 0, 	 3015
-4.06, 	 3067, 	 0, 	 3072
-4.05, 	 3147, 	 0, 	 3116
-4.04, 	 3169, 	 68, 	 3167
-4.03, 	 3224, 	 199, 	 3219
-4.02, 	 3206, 	 325, 	 3192
-4.01, 	 3307, 	 390, 	 3336
-4.00, 	 3346, 	 502, 	 3276
-3.99, 	 3334, 	 620, 	 3526
-3.98, 	 3471, 	 806, 	 3522
-3.97, 	 3516, 	 865, 	 3596
-3.96, 	 3720, 	 1025, 	 3622
-3.95, 	 3691, 	 1137, 	 3689
-3.94, 	 3725, 	 1250, 	 3762
-3.93, 	 3843, 	 1436, 	 3915
-3.92, 	 3970, 	 1549, 	 3858
-3.91, 	 3918, 	 1626, 	 3973
-3.90, 	 3987, 	 1759, 	 4040
-3.89, 	 4130, 	 1884, 	 3981
-3.88, 	 4244, 	 2077, 	 4135
-3.87, 	 4042, 	 2161, 	 4277
-3.86, 	 4309, 	 2311, 	 4311
-3.85, 	 4470, 	 2358, 	 4393
-3.84, 	 4603, 	 2581, 	 4630
-3.83, 	 4532, 	 2728, 	 4569
-3.82, 	 4787, 	 2712, 	 4639
-3.81, 	 4674, 	 2910, 	 4638
-3.80, 	 4889, 	 3064, 	 4646
-3.79, 	 4822, 	 3209, 	 4889
-3.78, 	 4924, 	 3372, 	 4858
-3.77, 	 4940, 	 3494, 	 4989
-3.76, 	 5098, 	 3645, 	 5090
-3.75, 	 5022, 	 3786, 	 5191
-3.74, 	 5311, 	 3836, 	 5328
-3.73, 	 5267, 	 4063, 	 5327
-3.72, 	 5469, 	 4276, 	 5327
-3.71, 	 5512, 	 4382, 	 5598
-3.70, 	 5501, 	 4497, 	 5625
-3.69, 	 5611, 	 4681, 	 5676
-3.68, 	 5724, 	 4734, 	 5758
-3.67, 	 5786, 	 4949, 	 5641
-3.66, 	 6078, 	 5148, 	 5983
-3.65, 	 5911, 	 5320, 	 5953
-3.64, 	 5992, 	 5468, 	 6116
-3.63, 	 6123, 	 5569, 	 6254
-3.62, 	 6287, 	 5804, 	 6268
-3.61, 	 6503, 	 5865, 	 6388
-3.60, 	 6399, 	 6049, 	 6396
-3.59, 	 6471, 	 6106, 	 6597
-3.58, 	 6665, 	 6385, 	 6622
-3.57, 	 6702, 	 6544, 	 6687
-3.56, 	 6899, 	 6726, 	 6851
-3.55, 	 7059, 	 6827, 	 6940
-3.54, 	 6949, 	 7133, 	 7052
-3.53, 	 7161, 	 7165, 	 7221
-3.52, 	 7050, 	 7331, 	 7195
-3.51, 	 7386, 	 7564, 	 7365
-3.50, 	 7367, 	 7717, 	 7525
-3.49, 	 7640, 	 7990, 	 7525
-3.48, 	 7603, 	 8069, 	 7573
-3.47, 	 7777, 	 8217, 	 7800
-3.46, 	 7964, 	 8299, 	 7893
-3.45, 	 8203, 	 8437, 	 7948
-3.44, 	 8102, 	 9001, 	 8038
-3.43, 	 8214, 	 9019, 	 8365
-3.42, 	 8186, 	 9084, 	 8366
-3.41, 	 8485, 	 9378, 	 8438
-3.40, 	 8640, 	 9566, 	 8602
-3.39, 	 8462, 	 9607, 	 8772
-3.38, 	 8757, 	 9998, 	 8737
-3.37, 	 8984, 	 10134, 	 9078
-3.36, 	 9118, 	 10222, 	 9066
-3.35, 	 9059, 	 10345, 	 9194
-3.34, 	 9240, 	 10545, 	 9205
-3.33, 	 9408, 	 10932, 	 9515
-3.32, 	 9333, 	 11028, 	 9476
-3.31, 	 9562, 	 11377, 	 9730
-3.30, 	 9819, 	 11441, 	 9846
-3.29, 	 9975, 	 11740, 	 9823
-3.28, 	 10211, 	 11857, 	 10031
-3.27, 	 10448, 	 12132, 	 10339
-3.26, 	 10541, 	 12340, 	 10450
-3.25, 	 10639, 	 12531, 	 10546
-3.24, 	 10595, 	 12936, 	 10639
-3.23, 	 10928, 	 13217, 	 10984
-3.22, 	 10977, 	 13422, 	 10892
-3.21, 	 11039, 	 13562, 	 11026
-3.20, 	 11149, 	 13756, 	 11094
-3.19, 	 11347, 	 14178, 	 11383
-3.18, 	 11512, 	 14358, 	 11477
-3.17, 	 11675, 	 14685, 	 11712
-3.16, 	 11885, 	 14952, 	 11796
-3.15, 	 11917, 	 15524, 	 12015
-3.14, 	 12259, 	 15372, 	 11920
-3.13, 	 12258, 	 15647, 	 12321
-3.12, 	 12380, 	 15980, 	 12306
-3.11, 	 12739, 	 16152, 	 12500
-3.10, 	 12825, 	 16642, 	 12701
-3.09, 	 12980, 	 16934, 	 12822
-3.08, 	 12888, 	 17095, 	 13046
-3.07, 	 13224, 	 17501, 	 13282
-3.06, 	 13665, 	 18126, 	 13472
-3.05, 	 13857, 	 18349, 	 13648
-3.04, 	 13805, 	 18601, 	 13816
-3.03, 	 14112, 	 19025, 	 14006
-3.02, 	 14453, 	 19223, 	 14304
-3.01, 	 14540, 	 19573, 	 14440
-3.00, 	 14713, 	 20582, 	 14727
-2.99, 	 15177, 	 20961, 	 15069
-2.98, 	 15200, 	 21599, 	 15281
-2.97, 	 15520, 	 21959, 	 15612
-2.96, 	 15484, 	 22167, 	 15673
-2.95, 	 16099, 	 22549, 	 15850
-2.94, 	 16062, 	 22626, 	 16122
-2.93, 	 16428, 	 23236, 	 16487
-2.92, 	 16762, 	 24015, 	 16785
-2.91, 	 16703, 	 23750, 	 17011
-2.90, 	 17116, 	 24535, 	 17417
-2.89, 	 17530, 	 24417, 	 17467
-2.88, 	 17719, 	 25023, 	 17645
-2.87, 	 17620, 	 25149, 	 17945
-2.86, 	 18126, 	 25700, 	 18214
-2.85, 	 18259, 	 25571, 	 18466
-2.84, 	 18699, 	 26228, 	 18654
-2.83, 	 18880, 	 26190, 	 19002
-2.82, 	 19186, 	 26852, 	 19177
-2.81, 	 19361, 	 26753, 	 19229
-2.80, 	 19649, 	 27174, 	 19700
-2.79, 	 19547, 	 27257, 	 19710
-2.78, 	 20048, 	 27485, 	 20047
-2.77, 	 20469, 	 27547, 	 20046
-2.76, 	 20429, 	 28173, 	 20729
-2.75, 	 20632, 	 28017, 	 20963
-2.74, 	 20991, 	 28798, 	 20970
-2.73, 	 21430, 	 28863, 	 21355
-2.72, 	 21739, 	 29088, 	 21497
-2.71, 	 21689, 	 29443, 	 21651
-2.70, 	 22156, 	 29354, 	 21894
-2.69, 	 22168, 	 29436, 	 22174
-2.68, 	 22748, 	 29841, 	 22492
-2.67, 	 22894, 	 29944, 	 22620
-2.66, 	 22942, 	 30764, 	 23001
-2.65, 	 22871, 	 30671, 	 22860
-2.64, 	 23726, 	 30706, 	 23654
-2.63, 	 23797, 	 30847, 	 23845
-2.62, 	 23825, 	 31202, 	 23653
-2.61, 	 24147, 	 31646, 	 24183
-2.60, 	 24432, 	 31681, 	 24377
-2.59, 	 24602, 	 31955, 	 24899
-2.58, 	 25160, 	 32579, 	 24609
-2.57, 	 25023, 	 32344, 	 25196
-2.56, 	 25440, 	 32855, 	 25334
-2.55, 	 25281, 	 32666, 	 25379
-2.54, 	 25778, 	 33132, 	 25817
-2.53, 	 25965, 	 33060, 	 26090
-2.52, 	 26230, 	 33653, 	 26512
-2.51, 	 26636, 	 33520, 	 26449
-2.50, 	 26596, 	 33838, 	 26549
-2.49, 	 27362, 	 33991, 	 27144
-2.48, 	 27103, 	 34015, 	 27435
-2.47, 	 27488, 	 34368, 	 27770
-2.46, 	 27943, 	 34702, 	 27738
-2.45, 	 28386, 	 34762, 	 28437
-2.44, 	 28519, 	 34897, 	 28708
-2.43, 	 28627, 	 34918, 	 28855
-2.42, 	 28850, 	 35314, 	 28939
-2.41, 	 28979, 	 35666, 	 29132
-2.40, 	 29187, 	 35691, 	 29205
-2.39, 	 29505, 	 36101, 	 29725
-2.38, 	 29588, 	 36060, 	 29820
-2.37, 	 30218, 	 36258, 	 29977
-2.36, 	 30652, 	 36405, 	 30249
-2.35, 	 30669, 	 36620, 	 30708
-2.34, 	 30839, 	 36580, 	 31304
-2.33, 	 31263, 	 37090, 	 31347
-2.32, 	 31460, 	 37108, 	 31588
-2.31, 	 31623, 	 37285, 	 31928
-2.30, 	 32287, 	 37443, 	 32437
-2.29, 	 31851, 	 37798, 	 32153
-2.28, 	 32569, 	 37640, 	 32596
-2.27, 	 32675, 	 38034, 	 32820
-2.26, 	 32913, 	 38149, 	 32869
-2.25, 	 33323, 	 38581, 	 33237
-2.24, 	 33647, 	 38737, 	 33661
-2.23, 	 33708, 	 39008, 	 33894
-2.22, 	 34139, 	 39284, 	 33974
-2.21, 	 34211, 	 39102, 	 34015
-2.20, 	 34311, 	 39231, 	 34407
-2.19, 	 34602, 	 39404, 	 34385
-2.18, 	 34869, 	 39604, 	 35165
-2.17, 	 35390, 	 39708, 	 35346
-2.16, 	 35994, 	 39687, 	 35652
-2.15, 	 35859, 	 40035, 	 35752
-2.14, 	 36233, 	 39902, 	 35960
-2.13, 	 36550, 	 40827, 	 36404
-2.12, 	 37292, 	 40764, 	 36940
-2.11, 	 36850, 	 40799, 	 36788
-2.10, 	 36916, 	 41295, 	 37430
-2.09, 	 37461, 	 41149, 	 37319
-2.08, 	 37809, 	 40885, 	 37461
-2.07, 	 38326, 	 41949, 	 38136
-2.06, 	 38607, 	 42024, 	 38004
-2.05, 	 38803, 	 41687, 	 38513
-2.04, 	 38361, 	 41770, 	 38382
-2.03, 	 38805, 	 42441, 	 39176
-2.02, 	 39417, 	 41854, 	 39526
-2.01, 	 39677, 	 42505, 	 39344
-2.00, 	 40030, 	 42564, 	 39534
-1.99, 	 40268, 	 42847, 	 40315
-1.98, 	 40085, 	 42898, 	 40932
-1.97, 	 40410, 	 43195, 	 40640
-1.96, 	 40927, 	 43434, 	 40932
-1.95, 	 41318, 	 43621, 	 41377
-1.94, 	 41584, 	 43560, 	 41152
-1.93, 	 41754, 	 43916, 	 41793
-1.92, 	 41664, 	 43920, 	 42295
-1.91, 	 42455, 	 44079, 	 42574
-1.90, 	 42521, 	 44447, 	 42640
-1.89, 	 42986, 	 44511, 	 42864
-1.88, 	 43093, 	 44678, 	 42746
-1.87, 	 43546, 	 44592, 	 43572
-1.86, 	 44139, 	 44932, 	 43644
-1.85, 	 44131, 	 44861, 	 44032
-1.84, 	 44235, 	 45130, 	 44352
-1.83, 	 44686, 	 45204, 	 44668
-1.82, 	 44636, 	 45101, 	 44874
-1.81, 	 45220, 	 45639, 	 45058
-1.80, 	 45382, 	 45582, 	 45739
-1.79, 	 45846, 	 46260, 	 45735
-1.78, 	 46049, 	 45962, 	 46184
-1.77, 	 45854, 	 46111, 	 46354
-1.76, 	 46613, 	 46325, 	 46251
-1.75, 	 47063, 	 46676, 	 46735
-1.74, 	 47040, 	 46858, 	 46984
-1.73, 	 47613, 	 46856, 	 47064
-1.72, 	 47827, 	 46732, 	 48126
-1.71, 	 48112, 	 47077, 	 47629
-1.70, 	 48321, 	 47177, 	 48186
-1.69, 	 48936, 	 47156, 	 48345
-1.68, 	 48979, 	 47748, 	 48963
-1.67, 	 48883, 	 47957, 	 48967
-1.66, 	 49076, 	 47981, 	 49367
-1.65, 	 49703, 	 48123, 	 49648
-1.64, 	 50323, 	 48557, 	 49519
-1.63, 	 50306, 	 48354, 	 50089
-1.62, 	 50392, 	 48844, 	 50337
-1.61, 	 50478, 	 48821, 	 51188
-1.60, 	 51257, 	 49087, 	 50716
-1.59, 	 51055, 	 48930, 	 51596
-1.58, 	 51412, 	 49393, 	 51635
-1.57, 	 52011, 	 49181, 	 51782
-1.56, 	 52588, 	 49550, 	 52207
-1.55, 	 52854, 	 49888, 	 52482
-1.54, 	 53095, 	 49817, 	 53130
-1.53, 	 53042, 	 49763, 	 53169
-1.52, 	 53230, 	 49773, 	 53117
-1.51, 	 53537, 	 50099, 	 53377
-1.50, 	 54279, 	 50586, 	 54031
-1.49, 	 54303, 	 50540, 	 54257
-1.48, 	 54323, 	 51134, 	 54761
-1.47, 	 54964, 	 50772, 	 55251
-1.46, 	 55154, 	 50972, 	 55407
-1.45, 	 55849, 	 51084, 	 55444
-1.44, 	 55963, 	 51429, 	 55749
-1.43, 	 56176, 	 51427, 	 56236
-1.42, 	 56558, 	 51763, 	 56541
-1.41, 	 56549, 	 51787, 	 56840
-1.40, 	 56979, 	 52370, 	 56957
-1.39, 	 57450, 	 52459, 	 57343
-1.38, 	 57532, 	 52051, 	 57909
-1.37, 	 58087, 	 52606, 	 58703
-1.36, 	 58401, 	 52718, 	 57975
-1.35, 	 58169, 	 52218, 	 58871
-1.34, 	 58753, 	 53137, 	 58987
-1.33, 	 59169, 	 52777, 	 59089
-1.32, 	 59682, 	 53283, 	 59383
-1.31, 	 59594, 	 53161, 	 59423
-1.30, 	 59902, 	 54021, 	 59789
-1.29, 	 60396, 	 53704, 	 60382
-1.28, 	 60403, 	 53885, 	 61005
-1.27, 	 60827, 	 54289, 	 61019
-1.26, 	 61584, 	 54136, 	 61442
-1.25, 	 61324, 	 54113, 	 61560
-1.24, 	 61908, 	 54391, 	 61944
-1.23, 	 62517, 	 54313, 	 62518
-1.22, 	 62442, 	 54633, 	 62118
-1.21, 	 62460, 	 54867, 	 62873
-1.20, 	 63370, 	 55087, 	 63392
-1.19, 	 63949, 	 55052, 	 63862
-1.18, 	 64037, 	 55306, 	 64248
-1.17, 	 64516, 	 55441, 	 63824
-1.16, 	 64459, 	 56134, 	 64485
-1.15, 	 65068, 	 56111, 	 64748
-1.14, 	 64872, 	 55916, 	 64969
-1.13, 	 65266, 	 56493, 	 65904
-1.12, 	 66389, 	 56089, 	 66010
-1.11, 	 66321, 	 56541, 	 66314
-1.10, 	 66365, 	 56740, 	 66111
-1.09, 	 67054, 	 56887, 	 66471
-1.08, 	 67387, 	 56697, 	 66722
-1.07, 	 67546, 	 56853, 	 67151
-1.06, 	 67683, 	 57213, 	 67255
-1.05, 	 67954, 	 57320, 	 68063
-1.04, 	 68242, 	 57591, 	 68269
-1.03, 	 69255, 	 57794, 	 68863
-1.02, 	 69220, 	 57839, 	 68475
-1.01, 	 69235, 	 58217, 	 69874
-1.00, 	 69638, 	 58305, 	 69864
-0.99, 	 69806, 	 58339, 	 69967
-0.98, 	 70508, 	 58505, 	 70356
-0.97, 	 70836, 	 58288, 	 70692
-0.96, 	 71841, 	 58832, 	 70881
-0.95, 	 70736, 	 58947, 	 70337
-0.94, 	 71165, 	 59510, 	 71516
-0.93, 	 71834, 	 59105, 	 72196
-0.92, 	 71824, 	 59106, 	 71727
-0.91, 	 72121, 	 59347, 	 72102
-0.90, 	 72301, 	 59825, 	 71790
-0.89, 	 72723, 	 60054, 	 72696
-0.88, 	 72949, 	 60203, 	 72958
-0.87, 	 72737, 	 60019, 	 73288
-0.86, 	 73357, 	 60476, 	 73474
-0.85, 	 73281, 	 60550, 	 73860
-0.84, 	 73558, 	 61027, 	 73520
-0.83, 	 73709, 	 60521, 	 73656
-0.82, 	 74240, 	 60684, 	 74038
-0.81, 	 74194, 	 61170, 	 74065
-0.80, 	 74344, 	 61006, 	 74366
-0.79, 	 74854, 	 61131, 	 74422
-0.78, 	 74806, 	 61519, 	 74450
-0.77, 	 74658, 	 61770, 	 74987
-0.76, 	 74578, 	 61261, 	 75088
-0.75, 	 75196, 	 62202, 	 75058
-0.74, 	 75228, 	 61493, 	 75548
-0.73, 	 75337, 	 62207, 	 75937
-0.72, 	 75163, 	 62412, 	 75439
-0.71, 	 75636, 	 62169, 	 75388
-0.70, 	 75883, 	 62633, 	 76805
-0.69, 	 75808, 	 62875, 	 75864
-0.68, 	 76159, 	 63030, 	 76281
-0.67, 	 76134, 	 63528, 	 76050
-0.66, 	 76459, 	 63195, 	 76319
-0.65, 	 76725, 	 63737, 	 76465
-0.64, 	 76917, 	 63769, 	 77010
-0.63, 	 76522, 	 63992, 	 76902
-0.62, 	 76343, 	 64176, 	 77099
-0.61, 	 76512, 	 64557, 	 77361
-0.60, 	 77335, 	 64458, 	 77317
-0.59, 	 77112, 	 64495, 	 77317
-0.58, 	 77073, 	 64779, 	 77616
-0.57, 	 77566, 	 64641, 	 78028
-0.56, 	 77934, 	 64782, 	 77574
-0.55, 	 77558, 	 65150, 	 78066
-0.54, 	 77996, 	 65330, 	 77843
-0.53, 	 78191, 	 65449, 	 77919
-0.52, 	 77871, 	 65702, 	 78610
-0.51, 	 77850, 	 65788, 	 78094
-0.50, 	 78020, 	 66174, 	 78692
-0.49, 	 78676, 	 66101, 	 78513
-0.48, 	 78641, 	 66268, 	 78493
-0.47, 	 78828, 	 66743, 	 78317
-0.46, 	 78714, 	 66525, 	 78284
-0.45, 	 78679, 	 66699, 	 78496
-0.44, 	 78873, 	 67016, 	 78704
-0.43, 	 79244, 	 67576, 	 78903
-0.42, 	 78886, 	 67259, 	 78984
-0.41, 	 78749, 	 67423, 	 79616
-0.40, 	 79379, 	 67798, 	 79379
-0.39, 	 79493, 	 68360, 	 79556
-0.38, 	 78749, 	 68127, 	 79077
-0.37, 	 78908, 	 68623, 	 79397
-0.36, 	 79289, 	 68073, 	 79438
-0.35, 	 79470, 	 68629, 	 79020
-0.34, 	 79035, 	 68424, 	 79494
-0.33, 	 78891, 	 68472, 	 79032
-0.32, 	 79446, 	 68835, 	 79561
-0.31, 	 79544, 	 69188, 	 79479
-0.30, 	 79941, 	 69463, 	 79496
-0.29, 	 79243, 	 69654, 	 79327
-0.28, 	 80140, 	 68910, 	 80022
-0.27, 	 79824, 	 69719, 	 79447
-0.26, 	 79609, 	 70197, 	 79683
-0.25, 	 80237, 	 70656, 	 79980
-0.24, 	 80248, 	 69984, 	 79811
-0.23, 	 79892, 	 70167, 	 79656
-0.22, 	 79925, 	 70792, 	 80383
-0.21, 	 80718, 	 70838, 	 80206
-0.20, 	 79865, 	 71292, 	 80154
-0.19, 	 79703, 	 71531, 	 80325
-0.18, 	 79647, 	 71166, 	 80010
-0.17, 	 79640, 	 71575, 	 80101
-0.16, 	 79638, 	 72033, 	 80300
-0.15, 	 79901, 	 72191, 	 80546
-0.14, 	 80145, 	 72038, 	 79975
-0.13, 	 80174, 	 72432, 	 80039
-0.12, 	 80200, 	 72821, 	 81071
-0.11, 	 80798, 	 72967, 	 80325
-0.10, 	 80998, 	 73400, 	 80189
-0.09, 	 80112, 	 73073, 	 80178
-0.08, 	 80868, 	 73516, 	 80920
-0.07, 	 79896, 	 73635, 	 80339
-0.06, 	 80624, 	 73614, 	 80478
-0.05, 	 80652, 	 73872, 	 80309
-0.04, 	 80542, 	 73901, 	 80358
-0.03, 	 81017, 	 74783, 	 80767
-0.02, 	 80527, 	 74253, 	 80407
-0.01, 	 80528, 	 74433, 	 80631
0.00, 	 80827, 	 77521, 	 80663
0.01, 	 80578, 	 74648, 	 80023
0.02, 	 80946, 	 75169, 	 79978
0.03, 	 80529, 	 75820, 	 80866
0.04, 	 80578, 	 75959, 	 80801
0.05, 	 80534, 	 75803, 	 80875
0.06, 	 80734, 	 76096, 	 80534
0.07, 	 80130, 	 76527, 	 80930
0.08, 	 80106, 	 76298, 	 80375
0.09, 	 80656, 	 76199, 	 80380
0.10, 	 79753, 	 77224, 	 80338
0.11, 	 80450, 	 76314, 	 80707
0.12, 	 80728, 	 76757, 	 79964
0.13, 	 80241, 	 77013, 	 80226
0.14, 	 80232, 	 77705, 	 80610
0.15, 	 79995, 	 77989, 	 79930
0.16, 	 80052, 	 77726, 	 80437
0.17, 	 80117, 	 78013, 	 79364
0.18, 	 79878, 	 78724, 	 79972
0.19, 	 80585, 	 78563, 	 80341
0.20, 	 79832, 	 78924, 	 79987
0.21, 	 80657, 	 79307, 	 80045
0.22, 	 79820, 	 79277, 	 79808
0.23, 	 79926, 	 79512, 	 80055
0.24, 	 79431, 	 79486, 	 80343
0.25, 	 79974, 	 79736, 	 79926
0.26, 	 79719, 	 79935, 	 80030
0.27, 	 79984, 	 79905, 	 80016
0.28, 	 79438, 	 80793, 	 79831
0.29, 	 80043, 	 80378, 	 79921
0.30, 	 79552, 	 81587, 	 79695
0.31, 	 79631, 	 80631, 	 79644
0.32, 	 79527, 	 81540, 	 79694
0.33, 	 79292, 	 81525, 	 79368
0.34, 	 79622, 	 82024, 	 80239
0.35, 	 78604, 	 82273, 	 79263
0.36, 	 79655, 	 82079, 	 79677
0.37, 	 79355, 	 82148, 	 79609
0.38, 	 79422, 	 82871, 	 78847
0.39, 	 79270, 	 83054, 	 79328
0.40, 	 79108, 	 82976, 	 79056
0.41, 	 78574, 	 82774, 	 79036
0.42, 	 78251, 	 83636, 	 79275
0.43, 	 78990, 	 84063, 	 79032
0.44, 	 79114, 	 83559, 	 78932
0.45, 	 78500, 	 84580, 	 78740
0.46, 	 78769, 	 84344, 	 78622
0.47, 	 78336, 	 84799, 	 78416
0.48, 	 78654, 	 85080, 	 78092
0.49, 	 78428, 	 85103, 	 78089
0.50, 	 78035, 	 85819, 	 78335
0.51, 	 78251, 	 86078, 	 77942
0.52, 	 77803, 	 85646, 	 77575
0.53, 	 78047, 	 85970, 	 77643
0.54, 	 77535, 	 86777, 	 77680
0.55, 	 77762, 	 85904, 	 77666
0.56, 	 77647, 	 87000, 	 77903
0.57, 	 77332, 	 87289, 	 77572
0.58, 	 77689, 	 87359, 	 77416
0.59, 	 77520, 	 87428, 	 77693
0.60, 	 77305, 	 87984, 	 76987
0.61, 	 77171, 	 88387, 	 76884
0.62, 	 76962, 	 88580, 	 77482
0.63, 	 76978, 	 88388, 	 76238
0.64, 	 76654, 	 89486, 	 76802
0.65, 	 76427, 	 89055, 	 76675
0.66, 	 76252, 	 89321, 	 76578
0.67, 	 76025, 	 89223, 	 76034
0.68, 	 75806, 	 89805, 	 76165
0.69, 	 76024, 	 89969, 	 75921
0.70, 	 75740, 	 90111, 	 75559
0.71, 	 75424, 	 90484, 	 75583
0.72, 	 75569, 	 91458, 	 75256
0.73, 	 75886, 	 90888, 	 75606
0.74, 	 75735, 	 91145, 	 75552
0.75, 	 74872, 	 91786, 	 74915
0.76, 	 74871, 	 91821, 	 75014
0.77, 	 74662, 	 92307, 	 74257
0.78, 	 74576, 	 92669, 	 75006
0.79, 	 74814, 	 92874, 	 74436
0.80, 	 73747, 	 93431, 	 74181
0.81, 	 74503, 	 93563, 	 74402
0.82, 	 73858, 	 94293, 	 73724
0.83, 	 73429, 	 94405, 	 73809
0.84, 	 72861, 	 94800, 	 73406
0.85, 	 73064, 	 95192, 	 73036
0.86, 	 73009, 	 95215, 	 72856
0.87, 	 73075, 	 94935, 	 72899
0.88, 	 72543, 	 95673, 	 72627
0.89, 	 72303, 	 96203, 	 72670
0.90, 	 72069, 	 96028, 	 72195
0.91, 	 72163, 	 96557, 	 71859
0.92, 	 71624, 	 97294, 	 71443
0.93, 	 71655, 	 97602, 	 71415
0.94, 	 70774, 	 98093, 	 71648
0.95, 	 71389, 	 98030, 	 71039
0.96, 	 70852, 	 98374, 	 70983
0.97, 	 70513, 	 98455, 	 70308
0.98, 	 70761, 	 98871, 	 70349
0.99, 	 70195, 	 99182, 	 70545
1.00, 	 69835, 	 100269, 	 69657
1.01, 	 69097, 	 99129, 	 69537
1.02, 	 69173, 	 98793, 	 69140
1.03, 	 68913, 	 98332, 	 68491
1.04, 	 68441, 	 97849, 	 68455
1.05, 	 67941, 	 96932, 	 67884
1.06, 	 67352, 	 97216, 	 67462
1.07, 	 67291, 	 96625, 	 67288
1.08, 	 66815, 	 96499, 	 66895
1.09, 	 66850, 	 95692, 	 66450
1.10, 	 66695, 	 94799, 	 66344
1.11, 	 65843, 	 94171, 	 66388
1.12, 	 65794, 	 93614, 	 65846
1.13, 	 65404, 	 93384, 	 65435
1.14, 	 65211, 	 92671, 	 64996
1.15, 	 65151, 	 91788, 	 64598
1.16, 	 64720, 	 91654, 	 64815
1.17, 	 64557, 	 90243, 	 64324
1.18, 	 63812, 	 89876, 	 63629
1.19, 	 63746, 	 89711, 	 63412
1.20, 	 63290, 	 89096, 	 63294
1.21, 	 63343, 	 88829, 	 62902
1.22, 	 62292, 	 87677, 	 62238
1.23, 	 62459, 	 87297, 	 62274
1.24, 	 61778, 	 86441, 	 62120
1.25, 	 61533, 	 85818, 	 61319
1.26, 	 61307, 	 84776, 	 61524
1.27, 	 61311, 	 84591, 	 60738
1.28, 	 60718, 	 83634, 	 60459
1.29, 	 60154, 	 83510, 	 60463
1.30, 	 60089, 	 82547, 	 60060
1.31, 	 60184, 	 81695, 	 59846
1.32, 	 59441, 	 81183, 	 59363
1.33, 	 59038, 	 80667, 	 59218
1.34, 	 58762, 	 79363, 	 58395
1.35, 	 58365, 	 78234, 	 58637
1.36, 	 57830, 	 77488, 	 58212
1.37, 	 57848, 	 76928, 	 58167
1.38, 	 57607, 	 75748, 	 57682
1.39, 	 57271, 	 75168, 	 57028
1.40, 	 56787, 	 74047, 	 56930
1.41, 	 56977, 	 73014, 	 56642
1.42, 	 56439, 	 71674, 	 56207
1.43, 	 55750, 	 70671, 	 56374
1.44, 	 55792, 	 69340, 	 55710
1.45, 	 55605, 	 67624, 	 55476
1.46, 	 55197, 	 66522, 	 55165
1.47, 	 55096, 	 64738, 	 54961
1.48, 	 54956, 	 63561, 	 54590
1.49, 	 54374, 	 60921, 	 54461
1.50, 	 53749, 	 57967, 	 53531
1.51, 	 53475, 	 55367, 	 53290
1.52, 	 53434, 	 52724, 	 53588
1.53, 	 52615, 	 50780, 	 53023
1.54, 	 52887, 	 49036, 	 53260
1.55, 	 52977, 	 47743, 	 52129
1.56, 	 52419, 	 47511, 	 51960
1.57, 	 52170, 	 46441, 	 52071
1.58, 	 51831, 	 45673, 	 51679
1.59, 	 51521, 	 45150, 	 51476
1.60, 	 51003, 	 44269, 	 51022
1.61, 	 50724, 	 43926, 	 51170
1.62, 	 50487, 	 42989, 	 50230
1.63, 	 50601, 	 43053, 	 50329
1.64, 	 50104, 	 41935, 	 49936
1.65, 	 49693, 	 41617, 	 49956
1.66, 	 49454, 	 41103, 	 49054
1.67, 	 49019, 	 40409, 	 49098
1.68, 	 48782, 	 39906, 	 48732
1.69, 	 48056, 	 39764, 	 48431
1.70, 	 48437, 	 39055, 	 48124
1.71, 	 47914, 	 38733, 	 47933
1.72, 	 47768, 	 38328, 	 47757
1.73, 	 47130, 	 37918, 	 47100
1.74, 	 46785, 	 37020, 	 46935
1.75, 	 46863, 	 37077, 	 46983
1.76, 	 46722, 	 36671, 	 46490
1.77, 	 46349, 	 36592, 	 46380
1.78, 	 45889, 	 35777, 	 45882
1.79, 	 45383, 	 35581, 	 45563
1.80, 	 45519, 	 35044, 	 45102
1.81, 	 45182, 	 34963, 	 45162
1.82, 	 45450, 	 34591, 	 44983
1.83, 	 44461, 	 34176, 	 44310
1.84, 	 44794, 	 33628, 	 44206
1.85, 	 43413, 	 33569, 	 44114
1.86, 	 43572, 	 33149, 	 43668
1.87, 	 43722, 	 32825, 	 43335
1.88, 	 42997, 	 32642, 	 43459
1.89, 	 42848, 	 31985, 	 43190
1.90, 	 42813, 	 31376, 	 42759
1.91, 	 42122, 	 31662, 	 42519
1.92, 	 42223, 	 31321, 	 42264
1.93, 	 41526, 	 30671, 	 41831
1.94, 	 41684, 	 30826, 	 41236
1.95, 	 41474, 	 30076, 	 41143
1.96, 	 40723, 	 29976, 	 41068
1.97, 	 40635, 	 29733, 	 40771
1.98, 	 40556, 	 29669, 	 40535
1.99, 	 40182, 	 29146, 	 39926
2.00, 	 40187, 	 29022, 	 39591
2.01, 	 39289, 	 28541, 	 39544
2.02, 	 39333, 	 28343, 	 39310
2.03, 	 39057, 	 28211, 	 39272
2.04, 	 38910, 	 27838, 	 39150
2.05, 	 38650, 	 27711, 	 38652
2.06, 	 38158, 	 27553, 	 38362
2.07, 	 37863, 	 27290, 	 37659
2.08, 	 37645, 	 26690, 	 37833
2.09, 	 37338, 	 27110, 	 37597
2.10, 	 37176, 	 26723, 	 37071
2.11, 	 36995, 	 26028, 	 37093
2.12, 	 36508, 	 26074, 	 36864
2.13, 	 36542, 	 25563, 	 36343
2.14, 	 36167, 	 25401, 	 36252
2.15, 	 35780, 	 25347, 	 35731
2.16, 	 35495, 	 25162, 	 35751
2.17, 	 35625, 	 24779, 	 35380
2.18, 	 34981, 	 24471, 	 35137
2.19, 	 34649, 	 24416, 	 34951
2.20, 	 34404, 	 24096, 	 34559
2.21, 	 34462, 	 24222, 	 34146
2.22, 	 33998, 	 23849, 	 34545
2.23, 	 33314, 	 23585, 	 33577
2.24, 	 33196, 	 23436, 	 33415
2.25, 	 33432, 	 23397, 	 33467
2.26, 	 33009, 	 23349, 	 32779
2.27, 	 32401, 	 23057, 	 32810
2.28, 	 32654, 	 22449, 	 32526
2.29, 	 32387, 	 22632, 	 31892
2.30, 	 32234, 	 22521, 	 32076
2.31, 	 31649, 	 22378, 	 31701
2.32, 	 31505, 	 21944, 	 31272
2.33, 	 30879, 	 21737, 	 30959
2.34, 	 31222, 	 21494, 	 30602
2.35, 	 30967, 	 21208, 	 30766
2.36, 	 30797, 	 21369, 	 30292
2.37, 	 30055, 	 21000, 	 30302
2.38, 	 29867, 	 20783, 	 29930
2.39, 	 29700, 	 20790, 	 29566
2.40, 	 29592, 	 20542, 	 29379
2.41, 	 29160, 	 20299, 	 29165
2.42, 	 29049, 	 20342, 	 28721
2.43, 	 28387, 	 20038, 	 28456
2.44, 	 28397, 	 20048, 	 28080
2.45, 	 28112, 	 19744, 	 28173
2.46, 	 28075, 	 19429, 	 28079
2.47, 	 27676, 	 19325, 	 27447
2.48, 	 27601, 	 19393, 	 27362
2.49, 	 27322, 	 19077, 	 27400
2.50, 	 26918, 	 18893, 	 27092
2.51, 	 26551, 	 18927, 	 26645
2.52, 	 26306, 	 18504, 	 26553
2.53, 	 25968, 	 18406, 	 26330
2.54, 	 25929, 	 18234, 	 25587
2.55, 	 25723, 	 17960, 	 25654
2.56, 	 25249, 	 17823, 	 25491
2.57, 	 24987, 	 17622, 	 25260
2.58, 	 24947, 	 17653, 	 25011
2.59, 	 24661, 	 17492, 	 24882
2.60, 	 24595, 	 17297, 	 24824
2.61, 	 23832, 	 17061, 	 24261
2.62, 	 23800, 	 17070, 	 24081
2.63, 	 23502, 	 17148, 	 23644
2.64, 	 23626, 	 16865, 	 23308
2.65, 	 22909, 	 16650, 	 23140
2.66, 	 22973, 	 16491, 	 22908
2.67, 	 22391, 	 16597, 	 22651
2.68, 	 22472, 	 16419, 	 22370
2.69, 	 22213, 	 16449, 	 21991
2.70, 	 21960, 	 16025, 	 21757
2.71, 	 21814, 	 15984, 	 21698
2.72, 	 21591, 	 15790, 	 21566
2.73, 	 21259, 	 15723, 	 21104
2.74, 	 21139, 	 15538, 	 21142
2.75, 	 20843, 	 15337, 	 20805
2.76, 	 20294, 	 15399, 	 20466
2.77, 	 20309, 	 15255, 	 20307
2.78, 	 20045, 	 15031, 	 20142
2.79, 	 19600, 	 15002, 	 20043
2.80, 	 19604, 	 14797, 	 19387
2.81, 	 19383, 	 14852, 	 19172
2.82, 	 19009, 	 14665, 	 18801
2.83, 	 18734, 	 14481, 	 18503
2.84, 	 18676, 	 14389, 	 18695
2.85, 	 18605, 	 14433, 	 18304
2.86, 	 18239, 	 14047, 	 17977
2.87, 	 17960, 	 14059, 	 17897
2.88, 	 17622, 	 13985, 	 17525
2.89, 	 17227, 	 13772, 	 17376
2.90, 	 17202, 	 13446, 	 17148
2.91, 	 17026, 	 13456, 	 16828
2.92, 	 16657, 	 13321, 	 16700
2.93, 	 16395, 	 13249, 	 16505
2.94, 	 16045, 	 13023, 	 16251
2.95, 	 15961, 	 13065, 	 15711
2.96, 	 15783, 	 13021, 	 15779
2.97, 	 15452, 	 12857, 	 15538
2.98, 	 15248, 	 12974, 	 15198
2.99, 	 14923, 	 12834, 	 15068
3.00, 	 14883, 	 12427, 	 14825
3.01, 	 14754, 	 12563, 	 14591
3.02, 	 14474, 	 12473, 	 14270
3.03, 	 14353, 	 12327, 	 13966
3.04, 	 13881, 	 12215, 	 13900
3.05, 	 13865, 	 11940, 	 13764
3.06, 	 13612, 	 12215, 	 13638
3.07, 	 13421, 	 11854, 	 13305
3.08, 	 13161, 	 11918, 	 13210
3.09, 	 12977, 	 11842, 	 12975
3.10, 	 12862, 	 11459, 	 12919
3.11, 	 12637, 	 11437, 	 12766
3.12, 	 12492, 	 11551, 	 12615
3.13, 	 12496, 	 11354, 	 12199
3.14, 	 12079, 	 11115, 	 12136
3.15, 	 12048, 	 11081, 	 11907
3.16, 	 11737, 	 10981, 	 11992
3.17, 	 11805, 	 10888, 	 11577
3.18, 	 11564, 	 10867, 	 11553
3.19, 	 11307, 	 10929, 	 11206
3.20, 	 11166, 	 10634, 	 11061
3.21, 	 10978, 	 10666, 	 10966
3.22, 	 10998, 	 10339, 	 10774
3.23, 	 10542, 	 10562, 	 10657
3.24, 	 10589, 	 10278, 	 10641
3.25, 	 10601, 	 10125, 	 10445
3.26, 	 10386, 	 9961, 	 10117
3.27, 	 10200, 	 9910, 	 10021
3.28, 	 10159, 	 9782, 	 9922
3.29, 	 9806, 	 9876, 	 9836
3.30, 	 9851, 	 9685, 	 9855
3.31, 	 9635, 	 9545, 	 9590
3.32, 	 9378, 	 9586, 	 9432
3.33, 	 9303, 	 9727, 	 9345
3.34, 	 9345, 	 9465, 	 9295
3.35, 	 9230, 	 9322, 	 9171
3.36, 	 9104, 	 9231, 	 9048
3.37, 	 8922, 	 8986, 	 8972
3.38, 	 8826, 	 9126, 	 8730
3.39, 	 8763, 	 9114, 	 8712
3.40, 	 8521, 	 8777, 	 8572
3.41, 	 8426, 	 8857, 	 8389
3.42, 	 8329, 	 8673, 	 8338
3.43, 	 8238, 	 8708, 	 8148
3.44, 	 8069, 	 8697, 	 8014
3.45, 	 7872, 	 8517, 	 7993
3.46, 	 7891, 	 8384, 	 7980
3.47, 	 7819, 	 8227, 	 7628
3.48, 	 7569, 	 8099, 	 7778
3.49, 	 7574, 	 8138, 	 7605
3.50, 	 7537, 	 8092, 	 7577
3.51, 	 7189, 	 7987, 	 7255
3.52, 	 7249, 	 7876, 	 7237
3.53, 	 7202, 	 7863, 	 7145
3.54, 	 7165, 	 7662, 	 6933
3.55, 	 6763, 	 7861, 	 7078
3.56, 	 6924, 	 7729, 	 6910
3.57, 	 6788, 	 7452, 	 6831
3.58, 	 6579, 	 7530, 	 6590
3.59, 	 6517, 	 7390, 	 6551
3.60, 	 6437, 	 7314, 	 6486
3.61, 	 6505, 	 7283, 	 6298
3.62, 	 6298, 	 7315, 	 6313
3.63, 	 6256, 	 7214, 	 6254
3.64, 	 6063, 	 7132, 	 6056
3.65, 	 5991, 	 6975, 	 5927
3.66, 	 5827, 	 6960, 	 5890
3.67, 	 5799, 	 6867, 	 5952
3.68, 	 5800, 	 6838, 	 5813
3.69, 	 5723, 	 6818, 	 5711
3.70, 	 5598, 	 6785, 	 5498
3.71, 	 5509, 	 6627, 	 5545
3.72, 	 5495, 	 6496, 	 5397
3.73, 	 5225, 	 6450, 	 5278
3.74, 	 5301, 	 6349, 	 5347
3.75, 	 5039, 	 6443, 	 5108
3.76, 	 4964, 	 6236, 	 4959
3.77, 	 4963, 	 6148, 	 4988
3.78, 	 4713, 	 5996, 	 5024
3.79, 	 4905, 	 5978, 	 4751
3.80, 	 4767, 	 5949, 	 4667
3.81, 	 4611, 	 5813, 	 4724
3.82, 	 4718, 	 5671, 	 4572
3.83, 	 4555, 	 5787, 	 4593
3.84, 	 4439, 	 5748, 	 4467
3.85, 	 4382, 	 5642, 	 4350
3.86, 	 4256, 	 5507, 	 4183
3.87, 	 4234, 	 5651, 	 4222
3.88, 	 4187, 	 5448, 	 4108
3.89, 	 4165, 	 5495, 	 4146
3.90, 	 3978, 	 5443, 	 4145
3.91, 	 3855, 	 5231, 	 3976
3.92, 	 3978, 	 5292, 	 3953
3.93, 	 3737, 	 5111, 	 3935
3.94, 	 3692, 	 5211, 	 3764
3.95, 	 3600, 	 5040, 	 3789
3.96, 	 3532, 	 5065, 	 3579
3.97, 	 3670, 	 4749, 	 3607
3.98, 	 3463, 	 4875, 	 3559
3.99, 	 3316, 	 4817, 	 3390
4.00, 	 3384, 	 4682, 	 3361
4.01, 	 3390, 	 4680, 	 3278
4.02, 	 3322, 	 4571, 	 3219
4.03, 	 3231, 	 4517, 	 3233
4.04, 	 3136, 	 4483, 	 3131
4.05, 	 2999, 	 4508, 	 3070
4.06, 	 3000, 	 4432, 	 2949
4.07, 	 2968, 	 4329, 	 2959
4.08, 	 2925, 	 4336, 	 2908
4.09, 	 2769, 	 4289, 	 2906
4.10, 	 2763, 	 4212, 	 2836
4.11, 	 2702, 	 4141, 	 2744
4.12, 	 2774, 	 4010, 	 2674
4.13, 	 2576, 	 4088, 	 2650
4.14, 	 2474, 	 4007, 	 2629
4.15, 	 2578, 	 3848, 	 2605
4.16, 	 2543, 	 3870, 	 2468
4.17, 	 2495, 	 3895, 	 2336
4.18, 	 2250, 	 3796, 	 2308
4.19, 	 2317, 	 3615, 	 2252
4.20, 	 2189, 	 3664, 	 2239
4.21, 	 2182, 	 3519, 	 2262
4.22, 	 2205, 	 3521, 	 2067
4.23, 	 2088, 	 3424, 	 2089
4.24, 	 2044, 	 3456, 	 2036
4.25, 	 1992, 	 3441, 	 2049
4.26, 	 1930, 	 3416, 	 2050
4.27, 	 1982, 	 3101, 	 1903
4.28, 	 1894, 	 3207, 	 1921
4.29, 	 1868, 	 3147, 	 1797
4.30, 	 1819, 	 3103, 	 1868
4.31, 	 1787, 	 2996, 	 1738
4.32, 	 1695, 	 3054, 	 1680
4.33, 	 1654, 	 2996, 	 1659
4.34, 	 1635, 	 2892, 	 1617
4.35, 	 1611, 	 2868, 	 1566
4.36, 	 1530, 	 2677, 	 1523
4.37, 	 1524, 	 2678, 	 1549
4.38, 	 1448, 	 2745, 	 1465
4.39, 	 1410, 	 2571, 	 1466
4.40, 	 1391, 	 2645, 	 1420
4.41, 	 1466, 	 2515, 	 1375
4.42, 	 1325, 	 2487, 	 1261
4.43, 	 1236, 	 2381, 	 1237
4.44, 	 1183, 	 2404, 	 1269
4.45, 	 1263, 	 2319, 	 1191
4.46, 	 1174, 	 2275, 	 1172
4.47, 	 1083, 	 2268, 	 1143
4.48, 	 1079, 	 2179, 	 1140
4.49, 	 979, 	 2139, 	 1009
4.50, 	 1028, 	 2088, 	 1041
4.51, 	 942, 	 1964, 	 933
4.52, 	 934, 	 2017, 	 936
4.53, 	 920, 	 1909, 	 873
4.54, 	 874, 	 1866, 	 840
4.55, 	 868, 	 1887, 	 866
4.56, 	 880, 	 1844, 	 847
4.57, 	 764, 	 1807, 	 827
4.58, 	 816, 	 1798, 	 721
4.59, 	 771, 	 1653, 	 735
4.60, 	 718, 	 1659, 	 725
4.61, 	 699, 	 1585, 	 663
4.62, 	 629, 	 1551, 	 647
4.63, 	 632, 	 1447, 	 671
4.64, 	 588, 	 1542, 	 616
4.65, 	 582, 	 1427, 	 598
4.66, 	 577, 	 1435, 	 538
4.67, 	 521, 	 1365, 	 549
4.68, 	 512, 	 1262, 	 527
4.69, 	 503, 	 1246, 	 494
4.70, 	 427, 	 1269, 	 454
4.71, 	 441, 	 1166, 	 405
4.72, 	 411, 	 1075, 	 404
4.73, 	 375, 	 1062, 	 427
4.74, 	 361, 	 1060, 	 407
4.75, 	 356, 	 1013, 	 352
4.76, 	 339, 	 963, 	 322
4.77, 	 313, 	 909, 	 299
4.78, 	 297, 	 874, 	 277
4.79, 	 271, 	 827, 	 250
4.80, 	 247, 	 788, 	 198
4.81, 	 231, 	 745, 	 201
4.82, 	 203, 	 754, 	 202
4.83, 	 178, 	 705, 	 199
4.84, 	 177, 	 614, 	 156
4.85, 	 170, 	 601, 	 155
4.86, 	 126, 	 619, 	 137
4.87, 	 143, 	 541, 	 129
4.88, 	 87, 	 494, 	 118
4.89, 	 99, 	 456, 	 120
4.90, 	 95, 	 345, 	 84
4.91, 	 62, 	 344, 	 78
4.92, 	 59, 	 309, 	 56
4.93, 	 57, 	 269, 	 47
4.94, 	 29, 	 227, 	 36
4.95, 	 28, 	 206, 	 33
4.96, 	 17, 	 174, 	 15
4.97, 	 17, 	 121, 	 11
4.98, 	 12, 	 79, 	 6
4.99, 	 4, 	 30, 	 3
5.00, 	 0, 	 4, 	 0
