-7.87,	 0,	 2
-7.86,	 0,	 1
-7.84,	 0,	 1
-7.83,	 0,	 1
-7.82,	 0,	 3
-7.81,	 0,	 2
-7.80,	 0,	 2
-7.79,	 0,	 3
-7.77,	 1,	 0
-7.76,	 2,	 3
-7.75,	 2,	 1
-7.74,	 2,	 2
-7.73,	 2,	 4
-7.72,	 1,	 6
-7.71,	 1,	 4
-7.70,	 2,	 5
-7.69,	 2,	 2
-7.68,	 4,	 4
-7.67,	 0,	 4
-7.66,	 0,	 2
-7.65,	 2,	 2
-7.64,	 3,	 4
-7.63,	 1,	 6
-7.62,	 4,	 6
-7.61,	 1,	 3
-7.60,	 3,	 8
-7.59,	 4,	 9
-7.58,	 1,	 7
-7.57,	 5,	 12
-7.56,	 5,	 12
-7.55,	 3,	 10
-7.54,	 1,	 11
-7.53,	 5,	 8
-7.52,	 5,	 8
-7.51,	 4,	 14
-7.50,	 8,	 9
-7.49,	 6,	 12
-7.48,	 5,	 14
-7.47,	 5,	 11
-7.46,	 9,	 9
-7.45,	 7,	 16
-7.44,	 6,	 15
-7.43,	 8,	 23
-7.42,	 7,	 23
-7.41,	 9,	 24
-7.40,	 8,	 14
-7.39,	 10,	 17
-7.38,	 13,	 17
-7.37,	 9,	 19
-7.36,	 15,	 26
-7.35,	 8,	 11
-7.34,	 11,	 19
-7.33,	 7,	 28
-7.32,	 11,	 32
-7.31,	 13,	 22
-7.30,	 15,	 37
-7.29,	 15,	 32
-7.28,	 8,	 25
-7.27,	 16,	 31
-7.26,	 11,	 46
-7.25,	 19,	 39
-7.24,	 25,	 38
-7.23,	 19,	 46
-7.22,	 14,	 36
-7.21,	 22,	 37
-7.20,	 19,	 51
-7.19,	 24,	 40
-7.18,	 25,	 37
-7.17,	 27,	 49
-7.16,	 29,	 45
-7.15,	 23,	 37
-7.14,	 28,	 51
-7.13,	 34,	 32
-7.12,	 28,	 49
-7.11,	 32,	 42
-7.10,	 26,	 48
-7.09,	 34,	 64
-7.08,	 42,	 56
-7.07,	 39,	 66
-7.06,	 43,	 65
-7.05,	 34,	 63
-7.04,	 40,	 47
-7.03,	 43,	 76
-7.02,	 41,	 73
-7.01,	 54,	 73
-7.00,	 48,	 75
-6.99,	 46,	 66
-6.98,	 44,	 92
-6.97,	 61,	 70
-6.96,	 51,	 79
-6.95,	 53,	 90
-6.94,	 74,	 94
-6.93,	 68,	 80
-6.92,	 57,	 91
-6.91,	 61,	 90
-6.90,	 66,	 88
-6.89,	 70,	 118
-6.88,	 55,	 103
-6.87,	 83,	 117
-6.86,	 64,	 96
-6.85,	 69,	 99
-6.84,	 72,	 122
-6.83,	 73,	 118
-6.82,	 73,	 142
-6.81,	 81,	 117
-6.80,	 90,	 115
-6.79,	 88,	 127
-6.78,	 75,	 108
-6.77,	 96,	 126
-6.76,	 93,	 133
-6.75,	 117,	 118
-6.74,	 86,	 147
-6.73,	 110,	 122
-6.72,	 102,	 145
-6.71,	 112,	 155
-6.70,	 124,	 152
-6.69,	 108,	 170
-6.68,	 129,	 146
-6.67,	 119,	 181
-6.66,	 127,	 178
-6.65,	 123,	 155
-6.64,	 118,	 153
-6.63,	 135,	 164
-6.62,	 152,	 158
-6.61,	 162,	 188
-6.60,	 163,	 205
-6.59,	 144,	 169
-6.58,	 130,	 170
-6.57,	 131,	 181
-6.56,	 179,	 197
-6.55,	 174,	 181
-6.54,	 175,	 191
-6.53,	 180,	 204
-6.52,	 161,	 236
-6.51,	 194,	 218
-6.50,	 177,	 226
-6.49,	 166,	 252
-6.48,	 180,	 235
-6.47,	 203,	 224
-6.46,	 187,	 242
-6.45,	 210,	 262
-6.44,	 230,	 246
-6.43,	 227,	 292
-6.42,	 223,	 247
-6.41,	 200,	 280
-6.40,	 257,	 244
-6.39,	 227,	 255
-6.38,	 238,	 266
-6.37,	 227,	 292
-6.36,	 251,	 277
-6.35,	 253,	 290
-6.34,	 267,	 329
-6.33,	 273,	 317
-6.32,	 264,	 333
-6.31,	 268,	 339
-6.30,	 253,	 339
-6.29,	 318,	 354
-6.28,	 302,	 344
-6.27,	 286,	 317
-6.26,	 282,	 370
-6.25,	 361,	 349
-6.24,	 326,	 401
-6.23,	 342,	 388
-6.22,	 342,	 359
-6.21,	 380,	 408
-6.20,	 383,	 417
-6.19,	 375,	 401
-6.18,	 355,	 440
-6.17,	 418,	 384
-6.16,	 375,	 389
-6.15,	 359,	 421
-6.14,	 367,	 425
-6.13,	 404,	 456
-6.12,	 362,	 459
-6.11,	 449,	 471
-6.10,	 414,	 441
-6.09,	 441,	 493
-6.08,	 442,	 515
-6.07,	 482,	 438
-6.06,	 461,	 527
-6.05,	 469,	 485
-6.04,	 500,	 553
-6.03,	 557,	 496
-6.02,	 512,	 536
-6.01,	 549,	 527
-6.00,	 554,	 511
-5.99,	 520,	 584
-5.98,	 534,	 546
-5.97,	 586,	 566
-5.96,	 550,	 570
-5.95,	 563,	 610
-5.94,	 589,	 593
-5.93,	 620,	 617
-5.92,	 648,	 617
-5.91,	 627,	 649
-5.90,	 647,	 625
-5.89,	 646,	 598
-5.88,	 659,	 649
-5.87,	 715,	 657
-5.86,	 731,	 676
-5.85,	 732,	 705
-5.84,	 677,	 699
-5.83,	 657,	 731
-5.82,	 760,	 715
-5.81,	 721,	 695
-5.80,	 805,	 742
-5.79,	 757,	 779
-5.78,	 801,	 782
-5.77,	 766,	 722
-5.76,	 861,	 790
-5.75,	 903,	 771
-5.74,	 866,	 842
-5.73,	 894,	 758
-5.72,	 926,	 813
-5.71,	 900,	 871
-5.70,	 923,	 863
-5.69,	 971,	 872
-5.68,	 994,	 846
-5.67,	 1009,	 909
-5.66,	 986,	 913
-5.65,	 1036,	 931
-5.64,	 1010,	 897
-5.63,	 975,	 966
-5.62,	 1050,	 963
-5.61,	 1095,	 915
-5.60,	 1102,	 1032
-5.59,	 1106,	 1033
-5.58,	 1146,	 1007
-5.57,	 1131,	 989
-5.56,	 1181,	 1033
-5.55,	 1191,	 1077
-5.54,	 1205,	 1105
-5.53,	 1246,	 1073
-5.52,	 1264,	 1180
-5.51,	 1328,	 1090
-5.50,	 1301,	 1185
-5.49,	 1315,	 1087
-5.48,	 1451,	 1180
-5.47,	 1367,	 1159
-5.46,	 1389,	 1196
-5.45,	 1442,	 1222
-5.44,	 1478,	 1248
-5.43,	 1457,	 1232
-5.42,	 1506,	 1254
-5.41,	 1499,	 1377
-5.40,	 1618,	 1322
-5.39,	 1599,	 1424
-5.38,	 1698,	 1280
-5.37,	 1555,	 1394
-5.36,	 1677,	 1475
-5.35,	 1719,	 1430
-5.34,	 1664,	 1485
-5.33,	 1800,	 1489
-5.32,	 1771,	 1500
-5.31,	 1762,	 1549
-5.30,	 1896,	 1506
-5.29,	 1812,	 1501
-5.28,	 1862,	 1571
-5.27,	 1885,	 1533
-5.26,	 1863,	 1625
-5.25,	 1928,	 1593
-5.24,	 1999,	 1618
-5.23,	 1964,	 1716
-5.22,	 2103,	 1758
-5.21,	 1997,	 1730
-5.20,	 2045,	 1817
-5.19,	 2134,	 1877
-5.18,	 2145,	 1829
-5.17,	 2124,	 1913
-5.16,	 2332,	 1879
-5.15,	 2319,	 1955
-5.14,	 2323,	 1921
-5.13,	 2312,	 1960
-5.12,	 2377,	 2032
-5.11,	 2420,	 2045
-5.10,	 2445,	 2039
-5.09,	 2433,	 2066
-5.08,	 2706,	 2143
-5.07,	 2507,	 2242
-5.06,	 2613,	 2211
-5.05,	 2657,	 2253
-5.04,	 2649,	 2334
-5.03,	 2780,	 2487
-5.02,	 2840,	 2333
-5.01,	 2727,	 2496
-5.00,	 2755,	 2499
-4.99,	 2968,	 2502
-4.98,	 2790,	 2517
-4.97,	 2926,	 2622
-4.96,	 3056,	 2641
-4.95,	 3000,	 2689
-4.94,	 3060,	 2628
-4.93,	 3073,	 2744
-4.92,	 3144,	 2798
-4.91,	 3256,	 2837
-4.90,	 3158,	 2854
-4.89,	 3398,	 2934
-4.88,	 3306,	 3018
-4.87,	 3359,	 3027
-4.86,	 3313,	 2989
-4.85,	 3555,	 3239
-4.84,	 3495,	 3217
-4.83,	 3588,	 3182
-4.82,	 3700,	 3210
-4.81,	 3594,	 3330
-4.80,	 3760,	 3499
-4.79,	 3717,	 3361
-4.78,	 3790,	 3449
-4.77,	 3879,	 3608
-4.76,	 3870,	 3596
-4.75,	 3952,	 3555
-4.74,	 4027,	 3745
-4.73,	 4061,	 3672
-4.72,	 4259,	 3816
-4.71,	 4161,	 3863
-4.70,	 4271,	 3970
-4.69,	 4310,	 3971
-4.68,	 4338,	 3979
-4.67,	 4434,	 4123
-4.66,	 4401,	 4105
-4.65,	 4491,	 4340
-4.64,	 4489,	 4294
-4.63,	 4636,	 4367
-4.62,	 4638,	 4467
-4.61,	 4783,	 4579
-4.60,	 4823,	 4499
-4.59,	 4937,	 4658
-4.58,	 4813,	 4662
-4.57,	 4909,	 4909
-4.56,	 5029,	 4812
-4.55,	 5157,	 4870
-4.54,	 4934,	 4940
-4.53,	 5217,	 5120
-4.52,	 5217,	 4992
-4.51,	 5338,	 5135
-4.50,	 5476,	 5269
-4.49,	 5456,	 5332
-4.48,	 5486,	 5589
-4.47,	 5697,	 5336
-4.46,	 5746,	 5585
-4.45,	 5798,	 5682
-4.44,	 5941,	 5792
-4.43,	 5898,	 5933
-4.42,	 5961,	 5978
-4.41,	 6141,	 5951
-4.40,	 6033,	 6174
-4.39,	 6208,	 6070
-4.38,	 6237,	 6280
-4.37,	 6249,	 6466
-4.36,	 6650,	 6259
-4.35,	 6432,	 6485
-4.34,	 6584,	 6513
-4.33,	 6620,	 6630
-4.32,	 6679,	 6807
-4.31,	 6733,	 6790
-4.30,	 6672,	 7001
-4.29,	 6830,	 7047
-4.28,	 6951,	 7035
-4.27,	 7080,	 7078
-4.26,	 7167,	 7239
-4.25,	 7131,	 7381
-4.24,	 7464,	 7544
-4.23,	 7448,	 7724
-4.22,	 7355,	 7598
-4.21,	 7631,	 7791
-4.20,	 7493,	 7929
-4.19,	 7711,	 7896
-4.18,	 7853,	 7875
-4.17,	 7792,	 8141
-4.16,	 8045,	 8199
-4.15,	 8024,	 8273
-4.14,	 8274,	 8327
-4.13,	 8215,	 8539
-4.12,	 8353,	 8633
-4.11,	 8475,	 8671
-4.10,	 8539,	 8840
-4.09,	 8589,	 8898
-4.08,	 8522,	 8953
-4.07,	 8754,	 9261
-4.06,	 8812,	 9121
-4.05,	 8859,	 9379
-4.04,	 8952,	 9438
-4.03,	 9094,	 9574
-4.02,	 9285,	 9738
-4.01,	 9273,	 9982
-4.00,	 9326,	 9874
-3.99,	 9571,	 10009
-3.98,	 9564,	 10189
-3.97,	 9724,	 10229
-3.96,	 9636,	 10490
-3.95,	 10039,	 10374
-3.94,	 9961,	 10578
-3.93,	 10204,	 10668
-3.92,	 10257,	 10875
-3.91,	 10203,	 10914
-3.90,	 10474,	 11062
-3.89,	 10668,	 11142
-3.88,	 10682,	 11339
-3.87,	 10769,	 11319
-3.86,	 10782,	 11557
-3.85,	 10870,	 11655
-3.84,	 11001,	 11929
-3.83,	 11189,	 11768
-3.82,	 11339,	 12192
-3.81,	 11477,	 12075
-3.80,	 11273,	 12378
-3.79,	 11739,	 12401
-3.78,	 12007,	 12340
-3.77,	 11972,	 12599
-3.76,	 12060,	 12755
-3.75,	 11965,	 12983
-3.74,	 12327,	 12882
-3.73,	 12308,	 13039
-3.72,	 12334,	 13120
-3.71,	 12506,	 13247
-3.70,	 12688,	 13520
-3.69,	 12887,	 13621
-3.68,	 13065,	 13729
-3.67,	 12978,	 13991
-3.66,	 13049,	 13972
-3.65,	 13155,	 14312
-3.64,	 13454,	 14342
-3.63,	 13441,	 14562
-3.62,	 13644,	 14528
-3.61,	 13834,	 14923
-3.60,	 13978,	 14801
-3.59,	 14167,	 14936
-3.58,	 14205,	 15175
-3.57,	 14428,	 15517
-3.56,	 14484,	 15519
-3.55,	 14670,	 15403
-3.54,	 14758,	 15771
-3.53,	 14860,	 15853
-3.52,	 14917,	 15994
-3.51,	 15038,	 16015
-3.50,	 15425,	 16134
-3.49,	 15375,	 16361
-3.48,	 15518,	 16472
-3.47,	 15534,	 16730
-3.46,	 15833,	 16858
-3.45,	 16045,	 16967
-3.44,	 16223,	 16815
-3.43,	 16222,	 17275
-3.42,	 16512,	 17263
-3.41,	 16305,	 17464
-3.40,	 16508,	 17614
-3.39,	 16632,	 17550
-3.38,	 16793,	 17907
-3.37,	 16920,	 18109
-3.36,	 17260,	 18410
-3.35,	 17391,	 18474
-3.34,	 17562,	 18519
-3.33,	 17699,	 18701
-3.32,	 17690,	 18806
-3.31,	 17893,	 18833
-3.30,	 18215,	 19145
-3.29,	 18292,	 19592
-3.28,	 18252,	 19315
-3.27,	 18409,	 19575
-3.26,	 18457,	 19703
-3.25,	 18864,	 19921
-3.24,	 18984,	 19875
-3.23,	 18952,	 20040
-3.22,	 18902,	 20110
-3.21,	 19321,	 20482
-3.20,	 19850,	 20610
-3.19,	 19743,	 20488
-3.18,	 19833,	 20767
-3.17,	 20049,	 20965
-3.16,	 20265,	 21045
-3.15,	 20191,	 21440
-3.14,	 20662,	 21435
-3.13,	 20788,	 21733
-3.12,	 20854,	 21761
-3.11,	 20815,	 21896
-3.10,	 21289,	 21936
-3.09,	 21330,	 22173
-3.08,	 21175,	 22307
-3.07,	 21582,	 22342
-3.06,	 21807,	 22391
-3.05,	 22111,	 22922
-3.04,	 22135,	 22978
-3.03,	 22287,	 22927
-3.02,	 22277,	 23091
-3.01,	 22867,	 23348
-3.00,	 23050,	 23408
-2.99,	 22905,	 23615
-2.98,	 23267,	 23965
-2.97,	 23134,	 24175
-2.96,	 23206,	 24158
-2.95,	 23387,	 24603
-2.94,	 23715,	 24597
-2.93,	 23652,	 24567
-2.92,	 23855,	 24900
-2.91,	 24157,	 25135
-2.90,	 24131,	 25008
-2.89,	 24689,	 25042
-2.88,	 24863,	 25544
-2.87,	 25132,	 25332
-2.86,	 25003,	 25570
-2.85,	 25293,	 25798
-2.84,	 25476,	 25925
-2.83,	 25640,	 26074
-2.82,	 25604,	 26468
-2.81,	 25716,	 26216
-2.80,	 26192,	 26561
-2.79,	 26412,	 26776
-2.78,	 26253,	 26786
-2.77,	 26615,	 26891
-2.76,	 26700,	 27367
-2.75,	 26838,	 27431
-2.74,	 27213,	 27280
-2.73,	 27327,	 27763
-2.72,	 27818,	 27734
-2.71,	 27868,	 28040
-2.70,	 27630,	 28377
-2.69,	 28115,	 28339
-2.68,	 28280,	 28235
-2.67,	 28605,	 28684
-2.66,	 28532,	 28820
-2.65,	 28717,	 29063
-2.64,	 29157,	 29143
-2.63,	 29277,	 29147
-2.62,	 29315,	 29609
-2.61,	 28983,	 29688
-2.60,	 29579,	 29698
-2.59,	 30104,	 29858
-2.58,	 30079,	 30090
-2.57,	 30363,	 29959
-2.56,	 30195,	 30339
-2.55,	 30360,	 30592
-2.54,	 30677,	 30761
-2.53,	 31037,	 31256
-2.52,	 31383,	 31000
-2.51,	 31689,	 30977
-2.50,	 31593,	 31419
-2.49,	 31934,	 31651
-2.48,	 31935,	 31963
-2.47,	 32081,	 32019
-2.46,	 32351,	 31856
-2.45,	 32511,	 32443
-2.44,	 32668,	 32578
-2.43,	 32814,	 32624
-2.42,	 33179,	 32832
-2.41,	 33524,	 32896
-2.40,	 33642,	 33461
-2.39,	 33911,	 33048
-2.38,	 33759,	 33559
-2.37,	 33844,	 33901
-2.36,	 34066,	 33823
-2.35,	 34593,	 33993
-2.34,	 34635,	 34073
-2.33,	 34859,	 34467
-2.32,	 35294,	 34378
-2.31,	 35191,	 34428
-2.30,	 35250,	 34579
-2.29,	 35815,	 34742
-2.28,	 35527,	 35067
-2.27,	 35799,	 35225
-2.26,	 36047,	 35070
-2.25,	 36418,	 35977
-2.24,	 36539,	 35655
-2.23,	 36743,	 36006
-2.22,	 36820,	 36373
-2.21,	 37168,	 36333
-2.20,	 37266,	 36315
-2.19,	 37777,	 36586
-2.18,	 37967,	 36921
-2.17,	 38179,	 37127
-2.16,	 38642,	 36947
-2.15,	 38125,	 37314
-2.14,	 38266,	 37314
-2.13,	 38887,	 37765
-2.12,	 38770,	 38042
-2.11,	 39287,	 38035
-2.10,	 39079,	 38124
-2.09,	 39412,	 38460
-2.08,	 39921,	 38282
-2.07,	 39707,	 38908
-2.06,	 40181,	 38853
-2.05,	 40291,	 38602
-2.04,	 40219,	 39134
-2.03,	 40424,	 39368
-2.02,	 40730,	 39401
-2.01,	 41051,	 39369
-2.00,	 41652,	 40010
-1.99,	 41250,	 39877
-1.98,	 41265,	 40022
-1.97,	 41591,	 40170
-1.96,	 41799,	 40619
-1.95,	 42402,	 40711
-1.94,	 42141,	 41174
-1.93,	 42453,	 41162
-1.92,	 42705,	 41277
-1.91,	 42794,	 41380
-1.90,	 42812,	 41426
-1.89,	 43309,	 41828
-1.88,	 43929,	 41756
-1.87,	 43773,	 41787
-1.86,	 44125,	 42253
-1.85,	 44027,	 42385
-1.84,	 44189,	 42396
-1.83,	 44420,	 42750
-1.82,	 44552,	 43025
-1.81,	 45071,	 43178
-1.80,	 44828,	 43154
-1.79,	 45386,	 43435
-1.78,	 45053,	 43663
-1.77,	 45586,	 44013
-1.76,	 45882,	 43910
-1.75,	 46333,	 44313
-1.74,	 45947,	 44247
-1.73,	 46611,	 44690
-1.72,	 46280,	 44495
-1.71,	 46992,	 44819
-1.70,	 47271,	 45138
-1.69,	 46949,	 45390
-1.68,	 47618,	 45046
-1.67,	 47640,	 45321
-1.66,	 47640,	 45327
-1.65,	 47752,	 45493
-1.64,	 47966,	 46107
-1.63,	 48322,	 45864
-1.62,	 48580,	 46615
-1.61,	 48787,	 46211
-1.60,	 48818,	 46858
-1.59,	 49002,	 46136
-1.58,	 48995,	 46830
-1.57,	 48826,	 47047
-1.56,	 49155,	 46946
-1.55,	 49555,	 47379
-1.54,	 49824,	 47592
-1.53,	 50226,	 47748
-1.52,	 50372,	 47742
-1.51,	 50179,	 47901
-1.50,	 50304,	 48387
-1.49,	 50585,	 48432
-1.48,	 50861,	 48316
-1.47,	 50621,	 48735
-1.46,	 51384,	 48892
-1.45,	 50851,	 49623
-1.44,	 51825,	 49607
-1.43,	 51784,	 49469
-1.42,	 51830,	 49951
-1.41,	 52122,	 49411
-1.40,	 52208,	 49806
-1.39,	 52432,	 50177
-1.38,	 52376,	 50483
-1.37,	 52293,	 50499
-1.36,	 52777,	 50861
-1.35,	 52791,	 50827
-1.34,	 53288,	 51057
-1.33,	 53496,	 51512
-1.32,	 53376,	 51570
-1.31,	 54021,	 51482
-1.30,	 53756,	 51154
-1.29,	 54340,	 52670
-1.28,	 54333,	 52088
-1.27,	 54207,	 52473
-1.26,	 54680,	 52901
-1.25,	 54593,	 52836
-1.24,	 54899,	 52778
-1.23,	 55221,	 52744
-1.22,	 55518,	 53531
-1.21,	 55063,	 53592
-1.20,	 55534,	 53414
-1.19,	 55664,	 53373
-1.18,	 55912,	 53799
-1.17,	 55850,	 53801
-1.16,	 55971,	 54153
-1.15,	 56144,	 54134
-1.14,	 56443,	 54686
-1.13,	 56271,	 54630
-1.12,	 56734,	 54874
-1.11,	 56788,	 55484
-1.10,	 56524,	 54678
-1.09,	 57118,	 55659
-1.08,	 57546,	 55814
-1.07,	 57483,	 55883
-1.06,	 57437,	 55731
-1.05,	 57746,	 55901
-1.04,	 57510,	 56249
-1.03,	 58011,	 56127
-1.02,	 58120,	 56420
-1.01,	 58210,	 56941
-1.00,	 58708,	 57075
-0.99,	 58610,	 57449
-0.98,	 58714,	 56981
-0.97,	 59097,	 57272
-0.96,	 58253,	 57965
-0.95,	 59092,	 57717
-0.94,	 58642,	 57881
-0.93,	 58638,	 57918
-0.92,	 59223,	 58405
-0.91,	 59666,	 58488
-0.90,	 59568,	 58425
-0.89,	 59654,	 58625
-0.88,	 59861,	 58624
-0.87,	 59915,	 59132
-0.86,	 59848,	 59085
-0.85,	 60630,	 59474
-0.84,	 60026,	 59622
-0.83,	 60543,	 59900
-0.82,	 60509,	 59955
-0.81,	 60491,	 59769
-0.80,	 60515,	 60076
-0.79,	 60703,	 60437
-0.78,	 60813,	 60411
-0.77,	 60946,	 60537
-0.76,	 61249,	 60844
-0.75,	 61266,	 60905
-0.74,	 60948,	 61070
-0.73,	 61471,	 61282
-0.72,	 61426,	 61615
-0.71,	 61916,	 61467
-0.70,	 61556,	 61778
-0.69,	 61981,	 62011
-0.68,	 61210,	 61929
-0.67,	 61802,	 62736
-0.66,	 61982,	 61841
-0.65,	 62275,	 62702
-0.64,	 62400,	 62370
-0.63,	 62150,	 62825
-0.62,	 63182,	 63068
-0.61,	 62720,	 63152
-0.60,	 62420,	 63129
-0.59,	 62476,	 63481
-0.58,	 63039,	 63476
-0.57,	 63029,	 63768
-0.56,	 63055,	 64119
-0.55,	 62968,	 63965
-0.54,	 63234,	 63923
-0.53,	 63548,	 64915
-0.52,	 62867,	 64424
-0.51,	 63304,	 64195
-0.50,	 62945,	 64895
-0.49,	 63870,	 64850
-0.48,	 63575,	 64551
-0.47,	 63750,	 65276
-0.46,	 64171,	 65228
-0.45,	 64107,	 65621
-0.44,	 63548,	 66008
-0.43,	 64126,	 65548
-0.42,	 63891,	 65801
-0.41,	 63986,	 65789
-0.40,	 64451,	 66215
-0.39,	 64220,	 66400
-0.38,	 64366,	 66042
-0.37,	 64543,	 67065
-0.36,	 64345,	 66758
-0.35,	 64652,	 66880
-0.34,	 64686,	 67014
-0.33,	 65245,	 66772
-0.32,	 65040,	 67434
-0.31,	 65285,	 67398
-0.30,	 64732,	 67657
-0.29,	 64711,	 67745
-0.28,	 64772,	 67427
-0.27,	 64836,	 67412
-0.26,	 64586,	 67482
-0.25,	 65215,	 67906
-0.24,	 65120,	 68741
-0.23,	 65036,	 68453
-0.22,	 64923,	 68485
-0.21,	 64862,	 68822
-0.20,	 64994,	 68950
-0.19,	 64820,	 68435
-0.18,	 65332,	 69300
-0.17,	 65166,	 69530
-0.16,	 65379,	 68892
-0.15,	 65454,	 69203
-0.14,	 65040,	 69162
-0.13,	 65018,	 69621
-0.12,	 65342,	 69767
-0.11,	 65389,	 69878
-0.10,	 65382,	 69248
-0.09,	 65062,	 69344
-0.08,	 65487,	 69401
-0.07,	 65362,	 70046
-0.06,	 65163,	 69915
-0.05,	 65362,	 70035
-0.04,	 65092,	 70246
-0.03,	 65271,	 70227
-0.02,	 65709,	 70264
-0.01,	 65765,	 70196
0.00,	 65402,	 68012
0.01,	 65428,	 70320
0.02,	 65329,	 70061
0.03,	 65364,	 69974
0.04,	 65535,	 70230
0.05,	 65003,	 70033
0.06,	 65521,	 70109
0.07,	 65236,	 69521
0.08,	 65525,	 69733
0.09,	 65213,	 69694
0.10,	 65604,	 69921
0.11,	 64852,	 69325
0.12,	 65136,	 69591
0.13,	 65140,	 69145
0.14,	 65761,	 69254
0.15,	 65458,	 69519
0.16,	 64715,	 68970
0.17,	 65181,	 69151
0.18,	 64960,	 69054
0.19,	 64760,	 68657
0.20,	 65103,	 68551
0.21,	 65420,	 68355
0.22,	 64816,	 68442
0.23,	 64773,	 68235
0.24,	 64987,	 67910
0.25,	 64728,	 67695
0.26,	 64535,	 67822
0.27,	 65066,	 67722
0.28,	 64774,	 67885
0.29,	 64479,	 67537
0.30,	 64939,	 67140
0.31,	 64653,	 67276
0.32,	 65284,	 67320
0.33,	 65316,	 67215
0.34,	 64491,	 67436
0.35,	 64699,	 67094
0.36,	 64551,	 67293
0.37,	 64751,	 66644
0.38,	 64470,	 66305
0.39,	 64227,	 66356
0.40,	 64192,	 65900
0.41,	 64141,	 65767
0.42,	 64651,	 65476
0.43,	 64264,	 65790
0.44,	 63771,	 65386
0.45,	 63995,	 65796
0.46,	 63766,	 64994
0.47,	 63895,	 65156
0.48,	 63793,	 65086
0.49,	 63280,	 64728
0.50,	 63543,	 64527
0.51,	 63384,	 64976
0.52,	 63646,	 64517
0.53,	 63308,	 64390
0.54,	 63170,	 64319
0.55,	 63257,	 64084
0.56,	 62781,	 64157
0.57,	 62728,	 63730
0.58,	 62892,	 63358
0.59,	 62684,	 63341
0.60,	 62716,	 63177
0.61,	 63134,	 62690
0.62,	 62351,	 63179
0.63,	 62045,	 62663
0.64,	 62319,	 62520
0.65,	 62280,	 62177
0.66,	 62164,	 62204
0.67,	 62819,	 62052
0.68,	 62123,	 62252
0.69,	 61228,	 61726
0.70,	 62182,	 61823
0.71,	 61371,	 61583
0.72,	 61614,	 61482
0.73,	 61362,	 61278
0.74,	 61506,	 60780
0.75,	 61452,	 60893
0.76,	 60791,	 60806
0.77,	 61086,	 60482
0.78,	 61071,	 60241
0.79,	 61007,	 60355
0.80,	 60339,	 60296
0.81,	 60598,	 60077
0.82,	 60812,	 59901
0.83,	 60206,	 59770
0.84,	 59831,	 59410
0.85,	 60334,	 59338
0.86,	 60247,	 59228
0.87,	 60518,	 59171
0.88,	 60128,	 58650
0.89,	 59252,	 58743
0.90,	 59568,	 58723
0.91,	 59256,	 58816
0.92,	 59231,	 57956
0.93,	 59139,	 58128
0.94,	 59505,	 58173
0.95,	 59013,	 57643
0.96,	 59239,	 57625
0.97,	 58965,	 57386
0.98,	 58505,	 57309
0.99,	 58236,	 56533
1.00,	 58184,	 56609
1.01,	 58419,	 56996
1.02,	 58032,	 56811
1.03,	 57906,	 56439
1.04,	 57780,	 56022
1.05,	 57683,	 56350
1.06,	 57572,	 55462
1.07,	 56950,	 55686
1.08,	 56989,	 55599
1.09,	 57301,	 55218
1.10,	 57159,	 55026
1.11,	 56927,	 55042
1.12,	 56527,	 54884
1.13,	 56835,	 55081
1.14,	 56062,	 54481
1.15,	 56341,	 54358
1.16,	 56234,	 54158
1.17,	 55749,	 54323
1.18,	 55983,	 53924
1.19,	 55603,	 53905
1.20,	 55373,	 53674
1.21,	 55270,	 53293
1.22,	 55193,	 53051
1.23,	 54595,	 53058
1.24,	 55094,	 52488
1.25,	 54721,	 52835
1.26,	 54479,	 52696
1.27,	 53919,	 52516
1.28,	 54266,	 51993
1.29,	 53333,	 51639
1.30,	 53713,	 51738
1.31,	 53634,	 51415
1.32,	 54072,	 51311
1.33,	 53401,	 51536
1.34,	 52915,	 51120
1.35,	 53301,	 51164
1.36,	 52813,	 51250
1.37,	 52662,	 50720
1.38,	 52796,	 50166
1.39,	 52458,	 50034
1.40,	 52437,	 49879
1.41,	 52155,	 50191
1.42,	 52421,	 49867
1.43,	 51854,	 49633
1.44,	 51538,	 49572
1.45,	 51784,	 49598
1.46,	 51506,	 48699
1.47,	 50938,	 48973
1.48,	 50664,	 49063
1.49,	 51193,	 48578
1.50,	 50161,	 48052
1.51,	 50315,	 48317
1.52,	 50018,	 47885
1.53,	 50141,	 47925
1.54,	 49631,	 47364
1.55,	 49355,	 47784
1.56,	 49348,	 47591
1.57,	 49508,	 47467
1.58,	 49205,	 46883
1.59,	 49159,	 46660
1.60,	 48800,	 46960
1.61,	 48496,	 46580
1.62,	 48124,	 46445
1.63,	 48283,	 46484
1.64,	 48039,	 45948
1.65,	 48050,	 45984
1.66,	 47809,	 45873
1.67,	 47488,	 45439
1.68,	 47420,	 45445
1.69,	 46890,	 45002
1.70,	 46915,	 45163
1.71,	 46766,	 44854
1.72,	 46548,	 44365
1.73,	 46444,	 44446
1.74,	 46157,	 44531
1.75,	 45913,	 44040
1.76,	 45864,	 43934
1.77,	 45352,	 43420
1.78,	 45279,	 43602
1.79,	 45208,	 43584
1.80,	 45215,	 43189
1.81,	 44662,	 42951
1.82,	 44862,	 42617
1.83,	 44762,	 42901
1.84,	 44234,	 42515
1.85,	 43853,	 42275
1.86,	 44130,	 42058
1.87,	 43691,	 42285
1.88,	 43779,	 41633
1.89,	 43580,	 41722
1.90,	 43014,	 41706
1.91,	 42865,	 41281
1.92,	 42852,	 41283
1.93,	 42446,	 40809
1.94,	 42266,	 40835
1.95,	 42494,	 40726
1.96,	 41791,	 40700
1.97,	 41899,	 40167
1.98,	 41485,	 40011
1.99,	 41557,	 39839
2.00,	 41131,	 40030
2.01,	 40826,	 39757
2.02,	 40879,	 39379
2.03,	 40907,	 39071
2.04,	 40458,	 39182
2.05,	 40558,	 38887
2.06,	 40138,	 38540
2.07,	 39750,	 38691
2.08,	 39948,	 38224
2.09,	 39514,	 38120
2.10,	 39011,	 37976
2.11,	 39127,	 37904
2.12,	 38647,	 37628
2.13,	 38782,	 37271
2.14,	 38463,	 37360
2.15,	 38258,	 37190
2.16,	 37916,	 37160
2.17,	 37762,	 36872
2.18,	 37767,	 36712
2.19,	 37811,	 36459
2.20,	 37288,	 36353
2.21,	 37219,	 36045
2.22,	 36694,	 36308
2.23,	 36915,	 35636
2.24,	 36289,	 35343
2.25,	 36264,	 35517
2.26,	 35420,	 35750
2.27,	 36194,	 35252
2.28,	 35562,	 34855
2.29,	 36073,	 35028
2.30,	 35513,	 34880
2.31,	 35132,	 34732
2.32,	 34689,	 34354
2.33,	 34719,	 34195
2.34,	 34586,	 34366
2.35,	 34378,	 34116
2.36,	 34105,	 33459
2.37,	 33959,	 33640
2.38,	 33804,	 33627
2.39,	 33692,	 33199
2.40,	 33232,	 33003
2.41,	 33311,	 32957
2.42,	 32998,	 32691
2.43,	 33008,	 32532
2.44,	 32749,	 32291
2.45,	 32442,	 32393
2.46,	 32434,	 31762
2.47,	 32299,	 32278
2.48,	 31728,	 31876
2.49,	 32134,	 31619
2.50,	 31825,	 31536
2.51,	 31440,	 31258
2.52,	 31332,	 31063
2.53,	 30765,	 30902
2.54,	 30962,	 30918
2.55,	 30632,	 30679
2.56,	 30491,	 30198
2.57,	 30152,	 30250
2.58,	 30054,	 30178
2.59,	 29784,	 30018
2.60,	 29803,	 29802
2.61,	 29412,	 29549
2.62,	 29154,	 29309
2.63,	 28793,	 29401
2.64,	 29066,	 29250
2.65,	 28649,	 28916
2.66,	 28649,	 29235
2.67,	 28391,	 28949
2.68,	 28051,	 28678
2.69,	 28291,	 28232
2.70,	 27858,	 28186
2.71,	 27926,	 28209
2.72,	 27477,	 28000
2.73,	 27495,	 27715
2.74,	 27327,	 27498
2.75,	 27102,	 27266
2.76,	 26749,	 26933
2.77,	 26624,	 26931
2.78,	 26666,	 26745
2.79,	 26532,	 26642
2.80,	 26128,	 26569
2.81,	 26040,	 26461
2.82,	 25824,	 26250
2.83,	 25470,	 26337
2.84,	 25321,	 25818
2.85,	 25361,	 25791
2.86,	 25066,	 25443
2.87,	 24857,	 25602
2.88,	 24547,	 25406
2.89,	 24653,	 25518
2.90,	 24503,	 25011
2.91,	 24416,	 24744
2.92,	 23715,	 24716
2.93,	 23943,	 24691
2.94,	 24046,	 24566
2.95,	 23751,	 24365
2.96,	 23343,	 24139
2.97,	 23025,	 24280
2.98,	 22823,	 24024
2.99,	 23178,	 23551
3.00,	 22706,	 23365
3.01,	 22562,	 23576
3.02,	 22290,	 23317
3.03,	 22194,	 23005
3.04,	 21822,	 22717
3.05,	 21828,	 22626
3.06,	 21693,	 22661
3.07,	 21540,	 22124
3.08,	 21319,	 22415
3.09,	 21363,	 22218
3.10,	 21115,	 21975
3.11,	 20885,	 21638
3.12,	 20976,	 21609
3.13,	 20835,	 21510
3.14,	 20474,	 21514
3.15,	 20404,	 21386
3.16,	 20353,	 21115
3.17,	 20080,	 21135
3.18,	 19857,	 20649
3.19,	 19783,	 20540
3.20,	 19362,	 20404
3.21,	 19344,	 20378
3.22,	 19249,	 20159
3.23,	 19199,	 20044
3.24,	 18749,	 19903
3.25,	 18614,	 19771
3.26,	 18591,	 19653
3.27,	 18352,	 19543
3.28,	 18534,	 19439
3.29,	 18330,	 19324
3.30,	 17931,	 19163
3.31,	 18005,	 19024
3.32,	 17458,	 18769
3.33,	 17630,	 18571
3.34,	 17625,	 18474
3.35,	 17248,	 18343
3.36,	 17170,	 18188
3.37,	 17077,	 18217
3.38,	 16811,	 18066
3.39,	 16664,	 17937
3.40,	 16335,	 17537
3.41,	 16314,	 17476
3.42,	 16461,	 17443
3.43,	 16190,	 17089
3.44,	 16069,	 17263
3.45,	 15746,	 16865
3.46,	 15616,	 16883
3.47,	 15614,	 16718
3.48,	 15389,	 16261
3.49,	 15357,	 16236
3.50,	 15319,	 16278
3.51,	 14909,	 16076
3.52,	 14956,	 15766
3.53,	 15081,	 15894
3.54,	 14609,	 15726
3.55,	 14385,	 15655
3.56,	 14293,	 15542
3.57,	 14396,	 15212
3.58,	 14319,	 15126
3.59,	 14064,	 14716
3.60,	 14042,	 14898
3.61,	 13573,	 14952
3.62,	 13744,	 14531
3.63,	 13514,	 14282
3.64,	 13277,	 14247
3.65,	 13192,	 14235
3.66,	 12937,	 14033
3.67,	 12989,	 13978
3.68,	 12943,	 13887
3.69,	 12829,	 13675
3.70,	 12681,	 13558
3.71,	 12574,	 13406
3.72,	 12352,	 13081
3.73,	 12360,	 12932
3.74,	 12287,	 12877
3.75,	 12167,	 13066
3.76,	 11959,	 12588
3.77,	 12016,	 12759
3.78,	 11875,	 12580
3.79,	 11625,	 12138
3.80,	 11357,	 12365
3.81,	 11632,	 12304
3.82,	 11307,	 12126
3.83,	 11102,	 12040
3.84,	 11111,	 11746
3.85,	 10802,	 11758
3.86,	 10937,	 11823
3.87,	 10867,	 11517
3.88,	 10736,	 11306
3.89,	 10714,	 11151
3.90,	 10579,	 11084
3.91,	 10229,	 10916
3.92,	 10193,	 10899
3.93,	 10097,	 10708
3.94,	 10026,	 10396
3.95,	 9925,	 10546
3.96,	 9804,	 10314
3.97,	 9743,	 10316
3.98,	 9636,	 9878
3.99,	 9356,	 9939
4.00,	 9481,	 9818
4.01,	 9383,	 9693
4.02,	 9163,	 9717
4.03,	 9094,	 9590
4.04,	 9147,	 9560
4.05,	 8830,	 9259
4.06,	 8977,	 9248
4.07,	 8669,	 9052
4.08,	 8743,	 8813
4.09,	 8542,	 8937
4.10,	 8557,	 8882
4.11,	 8463,	 8504
4.12,	 8451,	 8685
4.13,	 8255,	 8442
4.14,	 8100,	 8377
4.15,	 8004,	 8337
4.16,	 8112,	 8175
4.17,	 7894,	 8016
4.18,	 7797,	 8057
4.19,	 7808,	 8040
4.20,	 7702,	 7880
4.21,	 7639,	 7671
4.22,	 7410,	 7601
4.23,	 7411,	 7614
4.24,	 7423,	 7537
4.25,	 7280,	 7389
4.26,	 7225,	 7140
4.27,	 6939,	 7079
4.28,	 7045,	 6984
4.29,	 6687,	 7075
4.30,	 6729,	 6731
4.31,	 6773,	 6792
4.32,	 6587,	 6735
4.33,	 6532,	 6565
4.34,	 6310,	 6456
4.35,	 6326,	 6407
4.36,	 6379,	 6363
4.37,	 6364,	 6290
4.38,	 6252,	 6094
4.39,	 6196,	 6167
4.40,	 6064,	 6091
4.41,	 5987,	 5984
4.42,	 5880,	 5860
4.43,	 5811,	 5869
4.44,	 5886,	 5645
4.45,	 5684,	 5654
4.46,	 5788,	 5584
4.47,	 5502,	 5576
4.48,	 5650,	 5343
4.49,	 5413,	 5351
4.50,	 5502,	 5261
4.51,	 5303,	 5189
4.52,	 5313,	 5245
4.53,	 5170,	 4996
4.54,	 5193,	 5034
4.55,	 5141,	 4846
4.56,	 5034,	 4788
4.57,	 4963,	 4819
4.58,	 4961,	 4831
4.59,	 4751,	 4603
4.60,	 4686,	 4589
4.61,	 4704,	 4532
4.62,	 4570,	 4439
4.63,	 4620,	 4355
4.64,	 4499,	 4256
4.65,	 4387,	 4252
4.66,	 4403,	 4140
4.67,	 4410,	 4236
4.68,	 4274,	 3926
4.69,	 4321,	 3977
4.70,	 4285,	 3902
4.71,	 4284,	 3869
4.72,	 4074,	 3851
4.73,	 4100,	 3688
4.74,	 4041,	 3780
4.75,	 4019,	 3742
4.76,	 3919,	 3449
4.77,	 3799,	 3512
4.78,	 3852,	 3499
4.79,	 3748,	 3439
4.80,	 3691,	 3294
4.81,	 3692,	 3279
4.82,	 3748,	 3309
4.83,	 3640,	 3249
4.84,	 3491,	 3247
4.85,	 3540,	 3135
4.86,	 3462,	 3096
4.87,	 3357,	 3073
4.88,	 3238,	 3031
4.89,	 3304,	 2946
4.90,	 3189,	 2924
4.91,	 3191,	 2840
4.92,	 3091,	 2814
4.93,	 2987,	 2720
4.94,	 3098,	 2809
4.95,	 3050,	 2683
4.96,	 2953,	 2684
4.97,	 2950,	 2546
4.98,	 3030,	 2542
4.99,	 2827,	 2527
5.00,	 2805,	 2515
5.01,	 2763,	 2409
5.02,	 2761,	 2401
5.03,	 2622,	 2309
5.04,	 2654,	 2270
5.05,	 2676,	 2213
5.06,	 2574,	 2185
5.07,	 2512,	 2216
5.08,	 2472,	 2138
5.09,	 2494,	 2121
5.10,	 2512,	 2093
5.11,	 2495,	 2064
5.12,	 2367,	 1956
5.13,	 2356,	 1965
5.14,	 2309,	 1936
5.15,	 2335,	 1887
5.16,	 2221,	 1919
5.17,	 2241,	 1995
5.18,	 2123,	 1868
5.19,	 2186,	 1685
5.20,	 2148,	 1740
5.21,	 2046,	 1724
5.22,	 2046,	 1753
5.23,	 2043,	 1679
5.24,	 1987,	 1657
5.25,	 1997,	 1583
5.26,	 1912,	 1563
5.27,	 1847,	 1645
5.28,	 1910,	 1624
5.29,	 1810,	 1553
5.30,	 1850,	 1478
5.31,	 1815,	 1479
5.32,	 1844,	 1512
5.33,	 1780,	 1471
5.34,	 1692,	 1431
5.35,	 1672,	 1443
5.36,	 1605,	 1414
5.37,	 1636,	 1416
5.38,	 1605,	 1331
5.39,	 1560,	 1347
5.40,	 1507,	 1344
5.41,	 1473,	 1326
5.42,	 1478,	 1316
5.43,	 1410,	 1193
5.44,	 1460,	 1260
5.45,	 1356,	 1243
5.46,	 1404,	 1227
5.47,	 1336,	 1145
5.48,	 1320,	 1181
5.49,	 1391,	 1164
5.50,	 1373,	 1124
5.51,	 1280,	 1176
5.52,	 1273,	 1106
5.53,	 1208,	 1052
5.54,	 1244,	 1044
5.55,	 1243,	 1035
5.56,	 1191,	 1012
5.57,	 1127,	 1108
5.58,	 1112,	 1007
5.59,	 1108,	 1019
5.60,	 1119,	 987
5.61,	 1091,	 937
5.62,	 1062,	 987
5.63,	 1117,	 923
5.64,	 1045,	 969
5.65,	 989,	 904
5.66,	 982,	 869
5.67,	 997,	 846
5.68,	 971,	 846
5.69,	 917,	 832
5.70,	 860,	 828
5.71,	 894,	 874
5.72,	 870,	 808
5.73,	 882,	 728
5.74,	 881,	 826
5.75,	 880,	 762
5.76,	 815,	 745
5.77,	 832,	 792
5.78,	 775,	 792
5.79,	 779,	 751
5.80,	 830,	 722
5.81,	 735,	 780
5.82,	 736,	 788
5.83,	 716,	 700
5.84,	 700,	 654
5.85,	 698,	 672
5.86,	 695,	 631
5.87,	 694,	 687
5.88,	 688,	 673
5.89,	 692,	 681
5.90,	 643,	 612
5.91,	 648,	 653
5.92,	 612,	 635
5.93,	 597,	 559
5.94,	 603,	 562
5.95,	 578,	 621
5.96,	 565,	 594
5.97,	 526,	 564
5.98,	 513,	 558
5.99,	 530,	 560
6.00,	 542,	 539
6.01,	 476,	 555
6.02,	 491,	 523
6.03,	 513,	 506
6.04,	 520,	 571
6.05,	 506,	 504
6.06,	 462,	 498
6.07,	 464,	 500
6.08,	 449,	 476
6.09,	 467,	 478
6.10,	 445,	 454
6.11,	 436,	 471
6.12,	 454,	 503
6.13,	 424,	 457
6.14,	 428,	 449
6.15,	 403,	 400
6.16,	 379,	 431
6.17,	 386,	 417
6.18,	 368,	 444
6.19,	 393,	 400
6.20,	 322,	 399
6.21,	 336,	 402
6.22,	 341,	 379
6.23,	 326,	 381
6.24,	 313,	 392
6.25,	 317,	 346
6.26,	 301,	 368
6.27,	 295,	 382
6.28,	 278,	 361
6.29,	 307,	 337
6.30,	 275,	 338
6.31,	 282,	 301
6.32,	 242,	 365
6.33,	 255,	 333
6.34,	 257,	 302
6.35,	 257,	 305
6.36,	 229,	 269
6.37,	 248,	 293
6.38,	 244,	 273
6.39,	 242,	 283
6.40,	 238,	 290
6.41,	 208,	 265
6.42,	 217,	 263
6.43,	 221,	 269
6.44,	 196,	 281
6.45,	 217,	 262
6.46,	 208,	 243
6.47,	 186,	 253
6.48,	 202,	 263
6.49,	 175,	 227
6.50,	 213,	 247
6.51,	 203,	 233
6.52,	 193,	 219
6.53,	 177,	 205
6.54,	 157,	 226
6.55,	 171,	 243
6.56,	 149,	 188
6.57,	 177,	 179
6.58,	 174,	 166
6.59,	 160,	 184
6.60,	 160,	 192
6.61,	 145,	 195
6.62,	 155,	 176
6.63,	 130,	 156
6.64,	 132,	 179
6.65,	 131,	 174
6.66,	 136,	 173
6.67,	 139,	 181
6.68,	 114,	 166
6.69,	 111,	 154
6.70,	 112,	 173
6.71,	 117,	 149
6.72,	 95,	 169
6.73,	 80,	 138
6.74,	 103,	 123
6.75,	 87,	 135
6.76,	 95,	 114
6.77,	 102,	 139
6.78,	 90,	 123
6.79,	 98,	 121
6.80,	 92,	 107
6.81,	 77,	 123
6.82,	 82,	 111
6.83,	 66,	 119
6.84,	 72,	 83
6.85,	 89,	 131
6.86,	 69,	 109
6.87,	 73,	 104
6.88,	 53,	 93
6.89,	 62,	 88
6.90,	 67,	 98
6.91,	 63,	 93
6.92,	 61,	 94
6.93,	 56,	 92
6.94,	 61,	 90
6.95,	 53,	 78
6.96,	 51,	 95
6.97,	 60,	 78
6.98,	 51,	 72
6.99,	 58,	 75
7.00,	 49,	 70
7.01,	 43,	 67
7.02,	 52,	 70
7.03,	 44,	 75
7.04,	 53,	 61
7.05,	 41,	 55
7.06,	 28,	 62
7.07,	 39,	 50
7.08,	 32,	 57
7.09,	 27,	 60
7.10,	 36,	 41
7.11,	 36,	 48
7.12,	 34,	 50
7.13,	 32,	 49
7.14,	 27,	 56
7.15,	 27,	 45
7.16,	 28,	 41
7.17,	 23,	 55
7.18,	 25,	 52
7.19,	 17,	 41
7.20,	 27,	 41
7.21,	 20,	 41
7.22,	 33,	 35
7.23,	 23,	 33
7.24,	 26,	 38
7.25,	 19,	 32
7.26,	 15,	 48
7.27,	 12,	 38
7.28,	 17,	 28
7.29,	 12,	 29
7.30,	 19,	 41
7.31,	 12,	 28
7.32,	 14,	 28
7.33,	 14,	 29
7.34,	 9,	 16
7.35,	 10,	 22
7.36,	 13,	 16
7.37,	 10,	 23
7.38,	 7,	 20
7.39,	 8,	 22
7.40,	 11,	 21
7.41,	 11,	 16
7.42,	 8,	 10
7.43,	 10,	 22
7.44,	 7,	 11
7.45,	 7,	 16
7.46,	 10,	 13
7.47,	 5,	 10
7.48,	 2,	 21
7.49,	 5,	 13
7.50,	 6,	 9
7.51,	 7,	 12
7.52,	 1,	 14
7.53,	 4,	 11
7.54,	 7,	 6
7.55,	 3,	 5
7.56,	 6,	 8
7.57,	 5,	 6
7.58,	 3,	 7
7.59,	 2,	 5
7.60,	 3,	 14
7.61,	 3,	 5
7.62,	 4,	 6
7.63,	 2,	 5
7.64,	 2,	 9
7.65,	 2,	 5
7.66,	 0,	 5
7.67,	 3,	 4
7.68,	 1,	 2
7.69,	 1,	 4
7.70,	 1,	 2
7.71,	 0,	 1
7.73,	 1,	 3
7.74,	 1,	 1
7.76,	 0,	 5
7.77,	 0,	 1
7.78,	 0,	 2
7.79,	 0,	 1
7.81,	 1,	 1
7.83,	 0,	 1
7.84,	 0,	 1
7.87,	 0,	 1
7.89,	 0,	 1
7.93,	 0,	 1
