   n, log_2(T), log_2(T)/n, ghf_BDD, ghf_UNIF
  30,   47.300,      1.577,   0.336,    0.335
  31,   44.400,      1.432,   0.371,    0.371
  32,   42.600,      1.331,   0.398,    0.397
  33,   41.300,      1.252,   0.420,    0.420
  34,   40.400,      1.188,   0.439,    0.439
  35,   39.600,      1.131,   0.457,    0.456
  36,   39.100,      1.086,   0.472,    0.471
  37,   38.600,      1.043,   0.486,    0.485
  38,   38.200,      1.005,   0.498,    0.498
  39,   37.900,      0.972,   0.510,    0.510
  40,   37.700,      0.943,   0.521,    0.520
  41,   37.500,      0.915,   0.531,    0.530
  42,   37.400,      0.890,   0.540,    0.539
  43,   37.300,      0.867,   0.548,    0.548
  44,   37.200,      0.845,   0.557,    0.557
  45,   37.200,      0.827,   0.564,    0.564
  46,   37.100,      0.807,   0.572,    0.572
  47,   37.100,      0.789,   0.579,    0.579
  48,   37.100,      0.773,   0.585,    0.585
  49,   37.200,      0.759,   0.591,    0.591
  50,   37.200,      0.744,   0.597,    0.597
  51,   37.200,      0.729,   0.603,    0.603
  52,   37.300,      0.717,   0.609,    0.608
  53,   37.400,      0.706,   0.614,    0.613
  54,   37.400,      0.693,   0.619,    0.619
  55,   37.500,      0.682,   0.624,    0.623
  56,   37.600,      0.671,   0.628,    0.628
  57,   37.700,      0.661,   0.632,    0.632
  58,   37.800,      0.652,   0.637,    0.637
  59,   37.900,      0.642,   0.641,    0.641
  60,   38.000,      0.633,   0.645,    0.645
  61,   38.200,      0.626,   0.648,    0.648
  62,   38.300,      0.618,   0.652,    0.652
  63,   38.400,      0.610,   0.656,    0.655
  64,   38.500,      0.602,   0.659,    0.659
  65,   38.700,      0.595,   0.662,    0.662
  66,   38.800,      0.588,   0.666,    0.665
  67,   38.900,      0.581,   0.669,    0.669
  68,   39.100,      0.575,   0.672,    0.671
  69,   39.200,      0.568,   0.675,    0.674
  70,   39.400,      0.563,   0.677,    0.677
  71,   39.500,      0.556,   0.680,    0.680
  72,   39.700,      0.551,   0.683,    0.682
  73,   39.800,      0.545,   0.685,    0.685
  74,   40.000,      0.541,   0.688,    0.688
  75,   40.100,      0.535,   0.690,    0.690
  76,   40.300,      0.530,   0.693,    0.692
  77,   40.400,      0.525,   0.695,    0.695
  78,   40.600,      0.521,   0.697,    0.697
  79,   40.800,      0.516,   0.700,    0.699
  80,   40.900,      0.511,   0.702,    0.702
  81,   41.100,      0.507,   0.704,    0.703
  82,   41.200,      0.502,   0.706,    0.706
  83,   41.400,      0.499,   0.708,    0.708
  84,   41.600,      0.495,   0.710,    0.709
  85,   41.700,      0.491,   0.712,    0.712
  86,   41.900,      0.487,   0.714,    0.713
  87,   42.100,      0.484,   0.715,    0.715
  88,   42.200,      0.480,   0.717,    0.717
  89,   42.400,      0.476,   0.719,    0.719
  90,   42.600,      0.473,   0.721,    0.720
  91,   42.800,      0.470,   0.722,    0.722
  92,   42.900,      0.466,   0.724,    0.724
  93,   43.100,      0.463,   0.726,    0.725
  94,   43.300,      0.461,   0.727,    0.727
  95,   43.400,      0.457,   0.729,    0.729
  96,   43.600,      0.454,   0.730,    0.730
  97,   43.800,      0.452,   0.732,    0.731
  98,   44.000,      0.449,   0.733,    0.733
  99,   44.100,      0.445,   0.734,    0.734
 100,   44.300,      0.443,   0.736,    0.736
 105,   45.200,      0.430,   0.742,    0.742
 110,   46.100,      0.419,   0.748,    0.748
 115,   47.000,      0.409,   0.754,    0.753
 120,   47.900,      0.399,   0.759,    0.758
 125,   48.800,      0.390,   0.763,    0.763
 130,   49.700,      0.382,   0.768,    0.767
 135,   50.600,      0.375,   0.772,    0.771
 140,   51.500,      0.368,   0.775,    0.775
 145,   52.400,      0.361,   0.779,    0.778
 150,   53.300,      0.355,   0.782,    0.782
 155,   54.200,      0.350,   0.785,    0.785
 160,   55.100,      0.344,   0.788,    0.788
 165,   56.000,      0.339,   0.791,    0.790
 170,   56.900,      0.335,   0.793,    0.793
 175,   57.800,      0.330,   0.796,    0.795
 180,   58.700,      0.326,   0.798,    0.798
 185,   59.600,      0.322,   0.800,    0.800
 190,   60.500,      0.318,   0.802,    0.802
 195,   61.400,      0.315,   0.804,    0.804
 200,   62.300,      0.311,   0.806,    0.806
 205,   63.200,      0.308,   0.808,    0.808
 210,   64.100,      0.305,   0.809,    0.809
 215,   65.000,      0.302,   0.811,    0.811
 220,   65.900,      0.300,   0.813,    0.813
 225,   66.800,      0.297,   0.814,    0.814
 230,   67.700,      0.294,   0.816,    0.815
 235,   68.600,      0.292,   0.817,    0.817
 240,   69.500,      0.290,   0.818,    0.818
 245,   70.400,      0.287,   0.820,    0.819
 250,   71.300,      0.285,   0.821,    0.821
 255,   72.100,      0.283,   0.822,    0.822
 260,   73.000,      0.281,   0.823,    0.823
 265,   73.900,      0.279,   0.824,    0.824
 270,   74.800,      0.277,   0.825,    0.825
 275,   75.700,      0.275,   0.826,    0.826
 280,   76.600,      0.274,   0.827,    0.827
 285,   77.500,      0.272,   0.828,    0.828
 290,   78.400,      0.270,   0.829,    0.829
 295,   79.300,      0.269,   0.830,    0.830
 300,   80.100,      0.267,   0.831,    0.831
 305,   81.000,      0.266,   0.832,    0.832
 310,   81.900,      0.264,   0.833,    0.833
 315,   82.800,      0.263,   0.834,    0.833
 320,   83.700,      0.262,   0.834,    0.834
 325,   84.600,      0.260,   0.835,    0.835
 330,   85.400,      0.259,   0.836,    0.836
 335,   86.300,      0.258,   0.837,    0.836
 340,   87.200,      0.256,   0.837,    0.837
 345,   88.100,      0.255,   0.838,    0.838
 350,   89.000,      0.254,   0.839,    0.838
 355,   89.800,      0.253,   0.839,    0.839
 360,   90.700,      0.252,   0.840,    0.840
 365,   91.600,      0.251,   0.840,    0.840
 370,   92.500,      0.250,   0.841,    0.841
 375,   93.300,      0.249,   0.842,    0.842
 380,   94.200,      0.248,   0.842,    0.842
 385,   95.100,      0.247,   0.843,    0.843
 390,   96.000,      0.246,   0.843,    0.843
 395,   96.800,      0.245,   0.844,    0.844
 400,   97.700,      0.244,   0.844,    0.844
 405,   98.600,      0.243,   0.845,    0.845
 410,   99.500,      0.243,   0.845,    0.845
 415,  100.300,      0.242,   0.846,    0.846
 420,  101.200,      0.241,   0.846,    0.846
 425,  102.100,      0.240,   0.847,    0.847
 430,  103.000,      0.240,   0.847,    0.847
 435,  103.800,      0.239,   0.848,    0.848
 440,  104.700,      0.238,   0.848,    0.848
 445,  105.600,      0.237,   0.848,    0.848
 450,  106.400,      0.236,   0.849,    0.849
 455,  107.300,      0.236,   0.849,    0.849
 460,  108.200,      0.235,   0.850,    0.850
 465,  109.000,      0.234,   0.850,    0.850
 470,  109.900,      0.234,   0.850,    0.850
 475,  110.800,      0.233,   0.851,    0.851
 480,  111.600,      0.233,   0.851,    0.851
 485,  112.500,      0.232,   0.852,    0.851
 490,  113.400,      0.231,   0.852,    0.852
 495,  114.200,      0.231,   0.852,    0.852
 500,  115.100,      0.230,   0.853,    0.853
